0.00000 0.01823 0.03307 0.02907 0.01169 0.00353 0.00738 0.03381 0.02603 0.01177 0.03002 0.02524 0.00705 0.02912 0.01845 0.02609 0.00390 0.00355 0.02656 0.01444 0.02530 0.01807 0.03605 0.01831 0.03258 0.02558 0.00746 0.02188 0.01436 0.03790 0.02625 0.03683 0.03309 0.02637 0.03751 0.00403 0.01070 0.01769 0.02934 0.01450 0.02892 0.01386 0.01445 0.02170 0.00377 0.00353 0.03387 0.00712 0.01446 0.00702 0.01850
0.00000 0.01903 0.01318 0.03365 0.01928 0.02826 0.02557 0.01632 0.02648 0.01635 0.01309 0.02814 0.02229 0.02269 0.01220 0.00597 0.01219 0.00969 0.02210 0.02895 0.03191 0.01237 0.01952 0.02680 0.02204 0.01269 0.02841 0.01251 0.00328 0.01607 0.03188 0.02639 0.02911 0.01643 0.03360 0.00314 0.02888 0.00292 0.02644 0.02946 0.02578 0.00312 0.00920 0.00625 0.01563 0.01907 0.02974 0.03095 0.01918 0.01971 0.03206
0.00000 0.01244 0.00828 0.02043 0.03689 0.02428 0.03772 0.01686 0.00440 0.01648 0.00441 0.01226 0.03610 0.02818 0.00403 0.01161 0.01587 0.03206 0.02461 0.04214 0.04104 0.00415 0.00821 0.00385 0.03354 0.00819 0.02474 0.02115 0.03649 0.00823 0.03278 0.02947 0.01626 0.02802 0.03644 0.01635 0.00795 0.02884 0.00788 0.00807 0.01254 0.01589 0.01655 0.01673 0.02873 0.02038 0.03744 0.00787 0.00408 0.02458 0.02448
0.00000 0.00739 0.02655 0.01943 0.03103 0.01123 0.03452 0.00381 0.01198 0.01483 0.03032 0.01184 0.00379 0.01179 0.01887 0.03540 0.01599 0.03780 0.01157 0.01114 0.03135 0.03566 0.01929 0.00339 0.01124 0.01517 0.02648 0.00749 0.03011 0.00750 0.02706 0.03751 0.03056 0.00702 0.02575 0.02979 0.00384 0.00383 0.01860 0.01926 0.00398 0.03618 0.01190 0.03760 0.03094 0.03276 0.01946 0.01890 0.01489 0.02689 0.02636
0.00000 0.01882 0.03503 0.01527 0.03108 0.00379 0.02266 0.02266 0.02669 0.02362 0.00778 0.02705 0.00404 0.00373 0.01548 0.00421 0.02729 0.02276 0.03052 0.02359 0.01144 0.00395 0.00405 0.00381 0.01569 0.01134 0.01620 0.03177 0.03404 0.03086 0.00391 0.02237 0.02294 0.01172 0.03941 0.02740 0.01895 0.03094 0.01147 0.01114 0.00399 0.03814 0.03958 0.00361 0.02708 0.03037 0.03502 0.02307 0.02344 0.02695 0.01930
0.00000 0.03012 0.03330 0.00735 0.01470 0.02989 0.03026 0.01077 0.03340 0.01838 0.03073 0.02976 0.00358 0.03055 0.03601 0.03750 0.01477 0.01083 0.03338 0.01474 0.00719 0.01499 0.03782 0.00369 0.02934 0.03593 0.00756 0.03043 0.01103 0.02188 0.01500 0.00686 0.01904 0.02207 0.02234 0.01834 0.03026 0.00378 0.02244 0.00383 0.01492 0.01071 0.03300 0.00726 0.01468 0.02594 0.01144 0.00797 0.02999 0.02665 0.00358
0.00000 0.00378 0.00720 0.00722 0.02187 0.02155 0.03262 0.02869 0.00364 0.01432 0.01490 0.01763 0.03281 0.03220 0.02161 0.00709 0.01404 0.03305 0.02603 0.03618 0.02885 0.01743 0.01392 0.00696 0.02881 0.01123 0.01053 0.01110 0.00367 0.01847 0.03632 0.03218 0.01487 0.02980 0.01788 0.02207 0.03349 0.01815 0.03577 0.01436 0.01134 0.03588 0.01462 0.03273 0.03631 0.01114 0.01770 0.02219 0.00735 0.02122 0.00720
0.00000 0.00672 0.01651 0.01728 0.03390 0.00337 0.00350 0.01393 0.03513 0.02421 0.02083 0.01739 0.00357 0.02071 0.03457 0.03434 0.01030 0.03091 0.02765 0.03451 0.03145 0.01716 0.03065 0.02737 0.02089 0.01384 0.00338 0.03481 0.02783 0.01749 0.02416 0.00341 0.03516 0.01384 0.02755 0.03106 0.01413 0.02086 0.00978 0.03137 0.00672 0.00337 0.00344 0.03542 0.01640 0.02328 0.02787 0.01004 0.03438 0.00327 0.01029
0.00000 0.01108 0.02994 0.02912 0.02231 0.03060 0.01126 0.01847 0.03347 0.01806 0.03396 0.02589 0.02249 0.00390 0.01840 0.00743 0.00752 0.02607 0.01049 0.00734 0.03302 0.02209 0.01518 0.02981 0.01111 0.00718 0.00719 0.00756 0.01524 0.00775 0.00386 0.03727 0.03332 0.03279 0.03366 0.03687 0.01095 0.00722 0.02208 0.01832 0.02247 0.01862 0.03682 0.02269 0.02590 0.01120 0.03751 0.01126 0.00373 0.02673 0.02281
0.00000 0.00386 0.01151 0.01993 0.00780 0.02748 0.03105 0.01479 0.01545 0.02662 0.03394 0.00767 0.02309 0.00805 0.02701 0.03319 0.00811 0.01106 0.02310 0.03086 0.02312 0.01125 0.01160 0.01143 0.03407 0.03461 0.01538 0.03321 0.01530 0.01909 0.03413 0.03899 0.03098 0.03874 0.00380 0.01141 0.03775 0.01600 0.00779 0.02755 0.02323 0.01573 0.00828 0.00761 0.02718 0.01162 0.00799 0.00803 0.03074 0.02333 0.01546
0.00000 0.00773 0.02336 0.02355 0.00841 0.01970 0.01946 0.03588 0.01976 0.02311 0.03138 0.00403 0.03567 0.01587 0.02409 0.01998 0.02773 0.03141 0.00397 0.01577 0.04022 0.01572 0.01988 0.00788 0.03554 0.03498 0.01170 0.02416 0.03228 0.02426 0.03958 0.01205 0.00418 0.02025 0.00744 0.02403 0.00831 0.01201 0.01204 0.01226 0.02284 0.00381 0.01581 0.01958 0.03119 0.03158 0.00756 0.00379 0.00377 0.03159 0.03883
0.00000 0.02994 0.01724 0.01995 0.03425 0.02720 0.02983 0.01707 0.02374 0.03061 0.02316 0.02975 0.00684 0.02050 0.02024 0.02053 0.00361 0.00677 0.01414 0.00636 0.00657 0.02945 0.03409 0.02987 0.01037 0.02411 0.02671 0.02708 0.03437 0.02346 0.02059 0.03277 0.00649 0.00980 0.03021 0.02663 0.00965 0.02984 0.00350 0.02395 0.01360 0.01019 0.02041 0.02012 0.02363 0.03366 0.00682 0.01339 0.00342 0.03015 0.00338
0.00000 0.03134 0.01766 0.02409 0.02438 0.00726 0.01391 0.00672 0.01303 0.00694 0.00347 0.03449 0.03037 0.03399 0.03414 0.03072 0.02387 0.02378 0.03348 0.03423 0.01032 0.03036 0.01036 0.01065 0.02699 0.00677 0.03429 0.03511 0.02061 0.00342 0.00325 0.03118 0.00331 0.03400 0.00312 0.02821 0.03429 0.02451 0.00698 0.00678 0.02431 0.01629 0.02447 0.03141 0.00696 0.03161 0.01019 0.01028 0.01370 0.01755 0.02084
0.00000 0.01084 0.00730 0.00367 0.03294 0.01899 0.00801 0.03333 0.03834 0.01510 0.02178 0.00369 0.00328 0.03374 0.02653 0.02228 0.01919 0.02564 0.01434 0.01876 0.02202 0.01124 0.01831 0.02616 0.03355 0.03741 0.02985 0.01884 0.01820 0.01517 0.02892 0.01491 0.02582 0.01143 0.03067 0.03209 0.02912 0.01830 0.00388 0.03083 0.02686 0.01849 0.01487 0.01789 0.02928 0.01481 0.00387 0.01453 0.03024 0.00733 0.00733
0.00000 0.01514 0.02881 0.01647 0.03215 0.02232 0.00641 0.01920 0.00317 0.02273 0.02527 0.02308 0.01265 0.03221 0.01602 0.01299 0.01367 0.01319 0.02809 0.01851 0.00669 0.01924 0.00622 0.01951 0.01949 0.01597 0.01619 0.02818 0.02898 0.01582 0.01587 0.02829 0.01879 0.01620 0.00981 0.02227 0.02307 0.02602 0.03216 0.01331 0.01646 0.02850 0.02596 0.02591 0.02234 0.03208 0.01550 0.03212 0.03155 0.01262 0.01283
0.00000 0.02607 0.00659 0.02635 0.00650 0.02975 0.02267 0.01640 0.02267 0.01968 0.03343 0.00659 0.03283 0.00969 0.02333 0.02635 0.03036 0.03352 0.01658 0.03331 0.01625 0.02021 0.01344 0.00637 0.03382 0.01314 0.02023 0.01296 0.00684 0.01648 0.00677 0.02660 0.02988 0.00305 0.02993 0.00943 0.01316 0.02900 0.03238 0.01285 0.03371 0.01698 0.03280 0.01715 0.02027 0.02983 0.00346 0.00317 0.03414 0.02623 0.00677
0.00000 0.02784 0.02812 0.00699 0.02435 0.02918 0.03511 0.01435 0.02552 0.02854 0.03267 0.01834 0.02806 0.02532 0.01439 0.03217 0.01805 0.00358 0.02552 0.02139 0.00700 0.02450 0.01045 0.03255 0.02429 0.02535 0.02104 0.03622 0.00382 0.00338 0.01117 0.01020 0.01098 0.01469 0.01748 0.02974 0.00344 0.01398 0.00371 0.02100 0.03522 0.02506 0.01483 0.02474 0.00685 0.02956 0.03551 0.02764 0.01419 0.01455 0.00737
0.00000 0.00683 0.00993 0.01768 0.01424 0.03175 0.02027 0.03041 0.01736 0.00332 0.01722 0.02135 0.01041 0.01015 0.01355 0.02422 0.02450 0.03462 0.02083 0.03480 0.01022 0.00667 0.03172 0.03520 0.02464 0.01362 0.03171 0.03143 0.03463 0.03115 0.02375 0.03391 0.03393 0.01067 0.03046 0.02072 0.03207 0.01709 0.00367 0.01735 0.00398 0.01052 0.00352 0.00694 0.03048 0.01329 0.02418 0.01049 0.01057 0.03431 0.01367
0.00000 0.00325 0.00692 0.01669 0.01318 0.01340 0.00646 0.01336 0.02680 0.01934 0.02552 0.00344 0.02668 0.03432 0.01945 0.01594 0.00641 0.00664 0.01056 0.02666 0.01659 0.00981 0.01718 0.02605 0.00992 0.02347 0.02760 0.03010 0.01972 0.03080 0.01721 0.01001 0.02651 0.02653 0.03389 0.03376 0.03396 0.01960 0.02369 0.02003 0.02896 0.02351 0.03311 0.02981 0.02301 0.01296 0.01987 0.01346 0.02302 0.02061 0.02024
0.00000 0.00686 0.02260 0.01046 0.02327 0.01397 0.00653 0.01372 0.03113 0.03361 0.00325 0.03358 0.01311 0.00672 0.02714 0.01754 0.03417 0.02295 0.01344 0.02646 0.02729 0.00340 0.02982 0.03103 0.01363 0.02380 0.01666 0.02317 0.03042 0.01369 0.02402 0.02294 0.01985 0.01010 0.03382 0.02712 0.03047 0.00994 0.03009 0.00366 0.01284 0.01640 0.00679 0.01034 0.03033 0.01961 0.02377 0.02727 0.02973 0.01693 0.02055
0.00000 0.00382 0.00742 0.01828 0.03657 0.01057 0.03160 0.02932 0.02150 0.01458 0.01106 0.03616 0.00703 0.01458 0.00406 0.03218 0.02127 0.02918 0.02190 0.02580 0.03156 0.03611 0.01052 0.03275 0.03611 0.00350 0.01145 0.00334 0.00676 0.01493 0.02484 0.01154 0.03665 0.03326 0.02448 0.03218 0.00351 0.03564 0.02824 0.00747 0.01818 0.01110 0.02596 0.00356 0.01462 0.01068 0.03471 0.01443 0.01441 0.03344 0.01720
0.00000 0.01986 0.01992 0.04053 0.02916 0.03990 0.00798 0.00835 0.01234 0.01256 0.03222 0.03578 0.04091 0.00811 0.02925 0.01673 0.03188 0.00413 0.01577 0.00435 0.00424 0.00420 0.01228 0.00807 0.01236 0.02401 0.03309 0.00813 0.02745 0.03209 0.01199 0.02083 0.01189 0.02048 0.04106 0.02430 0.03311 0.00833 0.02481 0.00764 0.00778 0.02114 0.02135 0.01607 0.02807 0.02358 0.04065 0.03230 0.00814 0.01281 0.00802
0.00000 0.00389 0.02892 0.02184 0.01474 0.03766 0.00365 0.02584 0.01459 0.01119 0.03791 0.01138 0.02565 0.03259 0.02979 0.02846 0.02965 0.01128 0.02232 0.00787 0.03676 0.02220 0.02650 0.02946 0.02578 0.01492 0.01890 0.00779 0.03702 0.03001 0.00400 0.02670 0.02589 0.01138 0.01817 0.02510 0.01502 0.02631 0.00330 0.00763 0.00357 0.03398 0.00706 0.01461 0.02606 0.01448 0.00741 0.02510 0.01471 0.03743 0.00352
0.00000 0.02040 0.03984 0.03193 0.00747 0.01194 0.00435 0.02718 0.02373 0.01183 0.01117 0.03881 0.03614 0.01153 0.02446 0.01205 0.03603 0.00427 0.01194 0.04026 0.00407 0.03266 0.00391 0.00406 0.03669 0.00719 0.01208 0.00810 0.01191 0.01576 0.00388 0.03507 0.02321 0.02334 0.01200 0.02849 0.01222 0.01603 0.00387 0.00826 0.02676 0.03550 0.03967 0.03586 0.02427 0.00772 0.02374 0.03502 0.03159 0.02400 0.00778
0.00000 0.00849 0.01246 0.01275 0.02068 0.02112 0.03746 0.04186 0.01697 0.02878 0.03828 0.00861 0.02477 0.02525 0.01616 0.02961 0.01274 0.02052 0.00385 0.00837 0.01218 0.00410 0.04247 0.03438 0.02884 0.01701 0.00389 0.00858 0.02161 0.03458 0.02030 0.04304 0.00423 0.00424 0.02902 0.03331 0.00391 0.00410 0.00827 0.01663 0.02914 0.04173 0.02159 0.00842 0.02544 0.02503 0.00437 0.03368 0.02124 0.00424 0.02170
0.00000 0.00615 0.02204 0.01189 0.00920 0.01554 0.01909 0.03148 0.00321 0.01320 0.02223 0.03094 0.00952 0.03093 0.01900 0.03128 0.03133 0.01019 0.01615 0.03108 0.02836 0.03142 0.03093 0.01261 0.02247 0.00278 0.02674 0.02196 0.03110 0.02184 0.00892 0.01240 0.03076 0.02769 0.01954 0.01835 0.01252 0.00980 0.02420 0.03067 0.01831 0.02570 0.00297 0.00329 0.02194 0.03154 0.03088 0.02852 0.01541 0.01232 0.01955
0.00000 0.00940 0.00333 0.02712 0.03106 0.01946 0.02291 0.00336 0.00341 0.00651 0.02296 0.00981 0.01615 0.03242 0.01747 0.03353 0.02347 0.02295 0.02670 0.02296 0.03062 0.02687 0.02317 0.03291 0.02998 0.03313 0.03266 0.02286 0.01323 0.00988 0.01692 0.00657 0.02105 0.02317 0.02015 0.01041 0.03364 0.02946 0.01699 0.00677 0.03375 0.02644 0.02076 0.00650 0.01692 0.00653 0.01990 0.02987 0.00659 0.02698 0.01033
0.00000 0.01296 0.02693 0.01417 0.00329 0.02655 0.00704 0.01984 0.02290 0.03349 0.00652 0.01955 0.02605 0.01316 0.01672 0.00665 0.01970 0.00309 0.03038 0.02307 0.00345 0.01678 0.02364 0.02660 0.03348 0.00695 0.00643 0.01312 0.02996 0.03336 0.02344 0.03410 0.02395 0.01333 0.03043 0.03060 0.00978 0.03002 0.03370 0.00621 0.03407 0.01390 0.00729 0.01648 0.02408 0.03333 0.01637 0.02673 0.02972 0.00986 0.02675
0.00000 0.03738 0.01135 0.02906 0.02244 0.02958 0.00361 0.00384 0.00374 0.01144 0.03308 0.01445 0.02621 0.01537 0.02909 0.01521 0.00381 0.01558 0.01047 0.01041 0.01787 0.01150 0.00369 0.01119 0.03737 0.03419 0.00359 0.02919 0.02244 0.03001 0.01917 0.03757 0.02986 0.00716 0.02273 0.01085 0.03378 0.01465 0.02926 0.01072 0.03298 0.01801 0.01503 0.02601 0.03790 0.01163 0.03686 0.00367 0.02157 0.03822 0.01523
0.00000 0.01951 0.01655 0.02330 0.02514 0.04008 0.03265 0.01561 0.01198 0.00435 0.01945 0.03921 0.01180 0.01490 0.03171 0.01148 0.02827 0.00404 0.01233 0.02444 0.03190 0.00834 0.00783 0.01526 0.02080 0.02382 0.00383 0.00795 0.02579 0.01168 0.03169 0.02058 0.02034 0.00416 0.02031 0.02793 0.01192 0.00812 0.02478 0.03970 0.00363 0.02736 0.03594 0.03617 0.00393 0.01973 0.02413 0.01957 0.02447 0.01592 0.03567
0.00000 0.02650 0.03058 0.00342 0.03158 0.03456 0.00655 0.02691 0.02671 0.01731 0.02649 0.02488 0.03372 0.00345 0.01379 0.03427 0.03068 0.00696 0.01019 0.03102 0.01058 0.03466 0.03444 0.00673 0.03380 0.02037 0.01412 0.00938 0.01393 0.02018 0.01034 0.01678 0.00353 0.03099 0.01732 0.01677 0.00733 0.01373 0.01018 0.03131 0.01662 0.01352 0.01726 0.00983 0.01048 0.03073 0.03031 0.02436 0.02387 0.01681 0.03015
0.00000 0.01476 0.03570 0.02557 0.01822 0.01053 0.03592 0.01458 0.01053 0.03253 0.02102 0.00740 0.03574 0.01483 0.01452 0.03155 0.00687 0.02173 0.01409 0.02165 0.03582 0.02478 0.02435 0.01055 0.01439 0.00343 0.03537 0.01053 0.01395 0.00369 0.01139 0.01444 0.01833 0.01799 0.01491 0.02822 0.01437 0.01518 0.02144 0.03521 0.02475 0.01450 0.03232 0.02557 0.02130 0.03259 0.02424 0.00714 0.00730 0.02210 0.03212
0.00000 0.00662 0.01422 0.02052 0.02702 0.00722 0.01344 0.03056 0.01368 0.02962 0.01021 0.00341 0.03306 0.02671 0.02368 0.03417 0.00345 0.02989 0.02913 0.00344 0.02672 0.02666 0.03370 0.01003 0.00302 0.01010 0.01647 0.00311 0.03007 0.01006 0.02431 0.01246 0.01754 0.02995 0.01666 0.02953 0.02693 0.03441 0.03350 0.01299 0.00673 0.01334 0.02448 0.02731 0.02053 0.02722 0.01053 0.02989 0.03032 0.00655 0.03483
0.00000 0.01168 0.03876 0.00363 0.03504 0.01859 0.01529 0.02268 0.01876 0.01894 0.01936 0.02658 0.00790 0.00381 0.03459 0.00826 0.01852 0.01459 0.03497 0.01156 0.02284 0.03415 0.01196 0.01592 0.00370 0.03871 0.02653 0.00811 0.03995 0.00379 0.01893 0.01196 0.00376 0.03485 0.01535 0.02355 0.01881 0.03645 0.03071 0.01947 0.01176 0.03497 0.03432 0.01201 0.01078 0.00759 0.01997 0.01918 0.01893 0.03170 0.01581
0.00000 0.01018 0.00334 0.01760 0.02808 0.00710 0.01766 0.03603 0.01372 0.02034 0.01425 0.00711 0.02173 0.03227 0.02833 0.01052 0.01760 0.01091 0.02134 0.01780 0.03128 0.00352 0.03567 0.02383 0.01038 0.00336 0.00352 0.01023 0.02095 0.00711 0.01718 0.03460 0.02802 0.02481 0.03145 0.03154 0.01741 0.02799 0.02400 0.02772 0.02746 0.02811 0.03129 0.02105 0.02049 0.02434 0.03114 0.01047 0.03074 0.00349 0.02094
0.00000 0.01611 0.02217 0.00663 0.03186 0.00975 0.02355 0.03302 0.01336 0.00352 0.00639 0.02568 0.02523 0.02962 0.01328 0.03177 0.00339 0.03267 0.02966 0.02863 0.03269 0.02642 0.00991 0.03297 0.01585 0.01873 0.03277 0.03233 0.00649 0.01646 0.00620 0.02215 0.02623 0.00342 0.01623 0.00978 0.02926 0.03172 0.01354 0.01932 0.03290 0.00918 0.02223 0.00329 0.00663 0.02933 0.01865 0.02344 0.01922 0.01610 0.03026
0.00000 0.00886 0.02557 0.03342 0.00933 0.00892 0.02627 0.02526 0.02936 0.00432 0.01327 0.03844 0.03414 0.01228 0.01722 0.01734 0.01756 0.02989 0.01249 0.01320 0.02144 0.01236 0.00410 0.00394 0.00802 0.03755 0.02963 0.01280 0.03353 0.03011 0.00417 0.03825 0.01327 0.03802 0.02555 0.02569 0.01659 0.00858 0.00820 0.03780 0.02632 0.00425 0.03416 0.00782 0.03886 0.01220 0.01738 0.02634 0.01239 0.01656 0.01699
0.00000 0.02802 0.02821 0.02867 0.03138 0.02008 0.01791 0.03157 0.03460 0.02729 0.01122 0.03506 0.00330 0.03405 0.02812 0.02717 0.02041 0.03113 0.02735 0.01368 0.00716 0.00711 0.03563 0.03182 0.00760 0.01730 0.03468 0.01028 0.00360 0.00351 0.01017 0.03458 0.00309 0.02439 0.01781 0.02043 0.02772 0.02467 0.01046 0.02440 0.01745 0.00324 0.00364 0.02107 0.02768 0.02139 0.00636 0.00714 0.03515 0.00364 0.01762
0.00000 0.03337 0.03218 0.03695 0.02567 0.00387 0.02245 0.02450 0.02286 0.03347 0.01848 0.01878 0.01046 0.02197 0.01442 0.01825 0.03676 0.02942 0.02948 0.01430 0.02664 0.03050 0.03659 0.03657 0.00383 0.01092 0.02609 0.00735 0.02964 0.02969 0.03290 0.00382 0.03287 0.00372 0.00406 0.01508 0.01770 0.03669 0.01839 0.00353 0.00729 0.00410 0.02190 0.00747 0.01832 0.01827 0.01905 0.00384 0.03397 0.00407 0.00749
0.00000 0.01359 0.01296 0.01054 0.02956 0.00297 0.02985 0.02630 0.03315 0.00291 0.02670 0.02551 0.03061 0.03283 0.02644 0.03308 0.02029 0.03448 0.00326 0.01693 0.01053 0.01686 0.02960 0.01409 0.02023 0.02902 0.02057 0.01339 0.02696 0.03046 0.00338 0.02636 0.01717 0.02421 0.02979 0.02989 0.02687 0.01020 0.03372 0.01370 0.00341 0.00331 0.01000 0.01686 0.00339 0.01696 0.01631 0.01783 0.02961 0.01986 0.02348
0.00000 0.03269 0.02454 0.00844 0.01204 0.01252 0.03593 0.03936 0.02873 0.01932 0.02034 0.01582 0.00394 0.00788 0.02135 0.02063 0.02858 0.02409 0.03676 0.01632 0.01509 0.00847 0.01629 0.01239 0.01625 0.03225 0.01657 0.03698 0.01190 0.00423 0.01220 0.00854 0.01263 0.01632 0.02463 0.02809 0.02072 0.02820 0.02036 0.02452 0.03989 0.01917 0.01196 0.00789 0.01206 0.03303 0.00426 0.00411 0.02371 0.03186 0.03616
0.00000 0.02645 0.02724 0.02347 0.03036 0.01353 0.00292 0.00336 0.03408 0.01322 0.01396 0.02026 0.02018 0.02413 0.01289 0.03032 0.02658 0.01361 0.01300 0.01657 0.02925 0.01004 0.00352 0.03033 0.02672 0.03421 0.02961 0.02645 0.03052 0.01063 0.00315 0.01699 0.02445 0.03055 0.00999 0.02079 0.01091 0.02898 0.00646 0.00324 0.03371 0.02327 0.02707 0.02352 0.01372 0.00339 0.02385 0.01988 0.02757 0.03077 0.02028
0.00000 0.01553 0.02802 0.02946 0.03350 0.03182 0.00634 0.02897 0.02187 0.01968 0.00318 0.01930 0.02568 0.01592 0.03154 0.03120 0.02563 0.02226 0.01311 0.01606 0.00319 0.00999 0.01013 0.01595 0.03109 0.01973 0.02593 0.02831 0.01540 0.02911 0.02931 0.01909 0.00312 0.02537 0.00640 0.00919 0.01911 0.00341 0.01617 0.00945 0.00608 0.03272 0.03197 0.01600 0.01907 0.02975 0.03229 0.02243 0.03256 0.01914 0.00948
0.00000 0.01568 0.01602 0.02800 0.00377 0.00800 0.02012 0.02392 0.00418 0.01999 0.03560 0.02272 0.02013 0.01946 0.04081 0.01233 0.00399 0.00795 0.00815 0.03310 0.03184 0.02382 0.02356 0.03277 0.01230 0.01606 0.03191 0.02810 0.00409 0.01968 0.01536 0.02379 0.01978 0.01209 0.00808 0.02765 0.02005 0.03275 0.03254 0.03961 0.00786 0.01542 0.01952 0.01605 0.01168 0.02858 0.03639 0.01638 0.01247 0.03181 0.00407
0.00000 0.00386 0.02312 0.01159 0.03882 0.01161 0.03125 0.00380 0.03180 0.01465 0.02263 0.03806 0.01162 0.01173 0.00387 0.00405 0.03002 0.02280 0.01956 0.03918 0.03105 0.01899 0.00419 0.03065 0.00801 0.01498 0.03487 0.02266 0.00800 0.01537 0.02728 0.00770 0.01524 0.03051 0.03408 0.00385 0.02400 0.00371 0.03945 0.00392 0.01584 0.00377 0.01518 0.02290 0.01217 0.03924 0.01191 0.03938 0.03019 0.02653 0.03036
0.00000 0.01514 0.01910 0.00751 0.01444 0.02609 0.01501 0.00378 0.01121 0.02978 0.03362 0.01135 0.01096 0.00760 0.03768 0.01126 0.01513 0.00350 0.00724 0.01548 0.01108 0.01884 0.00761 0.02657 0.01843 0.02199 0.03389 0.03814 0.02188 0.00356 0.03393 0.02600 0.01514 0.00774 0.02683 0.02238 0.01527 0.02577 0.03750 0.03024 0.02938 0.02240 0.00371 0.03792 0.02612 0.00380 0.03792 0.03345 0.00366 0.02932 0.03366
0.00000 0.00422 0.03767 0.00420 0.00417 0.04263 0.01265 0.01239 0.00383 0.03746 0.02885 0.03347 0.02144 0.00413 0.02502 0.00860 0.02524 0.02954 0.00824 0.00386 0.00435 0.03333 0.03821 0.03105 0.00405 0.01199 0.02491 0.00420 0.04199 0.04253 0.02953 0.01733 0.01295 0.00430 0.00867 0.03350 0.01248 0.03832 0.00847 0.00787 0.00822 0.03914 0.03380 0.03028 0.00870 0.01265 0.01274 0.04222 0.03768 0.01251 0.00441
0.00000 0.03486 0.03114 0.01725 0.00732 0.02827 0.01058 0.02801 0.02535 0.01337 0.02123 0.03150 0.02753 0.03545 0.02852 0.00326 0.02438 0.01456 0.01748 0.03501 0.01818 0.01396 0.02541 0.01115 0.03531 0.00677 0.01748 0.01648 0.00340 0.02766 0.01391 0.00344 0.00374 0.02452 0.01728 0.01435 0.02428 0.03207 0.03230 0.00638 0.00351 0.01038 0.02126 0.02724 0.03159 0.02086 0.00755 0.02496 0.02337 0.03196 0.01418
0.00000 0.02067 0.00354 0.02404 0.01771 0.01355 0.00692 0.03050 0.02744 0.03546 0.03182 0.03480 0.02788 0.01097 0.00722 0.00362 0.01065 0.01064 0.02141 0.01745 0.02083 0.01387 0.00359 0.00341 0.03134 0.01828 0.02451 0.02452 0.03142 0.01387 0.02088 0.02149 0.02770 0.02517 0.01793 0.01020 0.00338 0.03112 0.00655 0.03533 0.03511 0.02187 0.00712 0.02459 0.03207 0.03446 0.03571 0.00689 0.01443 0.01746 0.02862
0.00000 0.02078 0.03652 0.01218 0.02821 0.02007 0.00850 0.02794 0.02482 0.00435 0.01999 0.01232 0.03685 0.00844 0.02005 0.02046 0.00758 0.02428 0.02895 0.03731 0.00432 0.02450 0.03184 0.01243 0.01209 0.01633 0.02830 0.02153 0.01986 0.00798 0.01632 0.02434 0.01689 0.03295 0.01667 0.01726 0.00852 0.02412 0.04016 0.02502 0.01994 0.03655 0.00826 0.02805 0.02054 0.01232 0.00390 0.00850 0.02082 0.01591 0.02420
0.00000 0.01815 0.00374 0.02552 0.02974 0.01736 0.01082 0.03577 0.01420 0.03542 0.00362 0.02133 0.01094 0.01046 0.03592 0.02552 0.02117 0.02574 0.02823 0.02534 0.01095 0.00750 0.00737 0.02565 0.00691 0.00713 0.02910 0.00684 0.02574 0.01784 0.01430 0.02575 0.03349 0.00377 0.02867 0.00368 0.02299 0.02565 0.02225 0.03630 0.01116 0.02160 0.00744 0.02946 0.00705 0.02156 0.02908 0.02482 0.02975 0.02488 0.03234
1.00000 0.00000 0.00000 0.00000 0.00000 0.00000 0.00000
0.00000 0.05260 0.21806 0.26957 0.13534 0.24428 0.08015
0.00000 0.14757 0.14806 0.16663 0.18630 0.16710 0.18434
0.00000 0.09059 0.22170 0.17755 0.20023 0.08946 0.22046
0.00000 0.20232 0.22805 0.13467 0.02238 0.18352 0.22906
0.00000 0.22253 0.22341 0.04427 0.19944 0.15692 0.15342
0.00000 0.10670 0.14268 0.28537 0.07104 0.35843 0.03578
0.00000 0.14241 0.07113 0.32054 0.17994 0.07089 0.21509
0.00000 0.03755 0.14780 0.29473 0.11125 0.22180 0.18688
0.00000 0.14086 0.03607 0.03468 0.14330 0.32339 0.32170
0.00000 0.23446 0.26707 0.06617 0.19808 0.13322 0.10100
0.00000 0.03731 0.18589 0.22218 0.03606 0.26050 0.25805
0.00000 0.17689 0.09021 0.22301 0.17695 0.17842 0.15453
0.00000 0.19954 0.06674 0.09895 0.23386 0.06762 0.33328
0.00000 0.08528 0.14258 0.14223 0.25981 0.28497 0.08514
0.00000 0.21379 0.07102 0.10720 0.32107 0.14421 0.14271
0.00000 0.14711 0.18581 0.14661 0.15084 0.14817 0.22147
0.00000 0.02496 0.25010 0.14857 0.22564 0.09925 0.25149
0.00000 0.22182 0.16512 0.05379 0.22270 0.05738 0.27918
0.00000 0.11437 0.05652 0.14458 0.14090 0.25796 0.28566
0.00000 0.14127 0.23302 0.20960 0.11533 0.11595 0.18484
0.00000 0.33359 0.08303 0.12613 0.24828 0.12414 0.08483
0.00000 0.20044 0.27924 0.03995 0.04052 0.24077 0.19908
0.00000 0.17092 0.17359 0.14420 0.07199 0.19655 0.24275
0.00000 0.24491 0.26962 0.16184 0.08056 0.05380 0.18926
0.00000 0.04045 0.24154 0.27980 0.04054 0.15979 0.23788
0.00000 0.08032 0.36003 0.12006 0.24111 0.07882 0.11967
0.00000 0.21485 0.17703 0.07248 0.14355 0.14183 0.25027
0.00000 0.23814 0.14293 0.23720 0.09482 0.09592 0.19098
0.00000 0.15314 0.11526 0.03886 0.26805 0.27030 0.15439
0.00000 0.03014 0.09249 0.18280 0.27051 0.15017 0.27389
0.00000 0.18913 0.21585 0.16082 0.26952 0.02732 0.13735
0.00000 0.26896 0.16165 0.05513 0.05473 0.19088 0.26865
0.00000 0.17517 0.12490 0.17463 0.22643 0.04846 0.25041
0.00000 0.19208 0.19231 0.07803 0.15590 0.30463 0.07706
0.00000 0.06044 0.02999 0.30195 0.27428 0.21264 0.12069
0.00000 0.03067 0.27259 0.09059 0.30363 0.27255 0.02996
0.00000 0.10361 0.34530 0.13926 0.20663 0.03457 0.17063
0.00000 0.22092 0.11159 0.14926 0.11196 0.25923 0.14704
0.00000 0.20673 0.27559 0.03433 0.17240 0.10516 0.20579
0.00000 0.17632 0.19926 0.14826 0.25142 0.04996 0.17478
0.00000 0.17973 0.22916 0.05123 0.22894 0.12824 0.18270
0.00000 0.05747 0.28546 0.17160 0.02923 0.19813 0.25811
0.00000 0.11950 0.02948 0.23562 0.23440 0.20554 0.17546
0.00000 0.25009 0.11151 0.05549 0.19502 0.19278 0.19511
0.00000 0.08689 0.20147 0.16912 0.28725 0.05670 0.19857
0.00000 0.14416 0.17023 0.11529 0.14253 0.25675 0.17104
0.00000 0.16199 0.16429 0.11538 0.16117 0.16284 0.23432
0.00000 0.07688 0.30663 0.03836 0.19273 0.07730 0.30811
0.00000 0.20562 0.17638 0.03008 0.17650 0.23452 0.17689
0.00000 0.09935 0.29080 0.19388 0.09597 0.09513 0.22487
