dataset1.txt
100
22
1 3 1 1 3 2 2 3 2 1 3 1 2 2 2 3 3 1 2 1 3 3
43
3 1 2 3 3 2 3 1 2 2 2 2 2 2 3 1 2 3 3 2 3 2 3 2 1 3 3 2 1 3 1 3 1 2 1 1 3 1 3 2 3 3 3
14
1 2 1 2 1 3 1 1 2 1 2 2 3 3
21
3 2 3 3 3 3 1 2 2 1 3 3 2 2 1 1 1 2 3 3 1
5
2 3 2 3 3
17
3 3 3 3 1 3 1 2 3 1 3 2 2 3 2 3 3
5
1 2 1 3 3
15
1 3 1 1 3 2 2 2 2 1 1 2 1 2 1
20
1 3 2 3 1 2 3 3 2 1 1 1 2 1 3 3 1 2 1 1
30
3 1 3 3 3 2 3 3 3 2 1 2 1 2 2 3 2 2 2 2 1 3 1 1 1 3 3 2 3 2
29
2 3 2 1 1 1 1 1 1 3 1 3 2 1 2 2 3 2 2 1 3 3 1 2 1 3 1 2 2
50
2 1 1 1 3 3 1 3 3 3 1 2 3 3 3 1 3 1 3 1 3 2 3 3 1 3 2 1 2 1 1 3 3 1 3 1 2 1 3 2 2 2 3 1 3 2 1 1 3 2
57
3 2 3 1 2 3 2 1 2 3 2 2 1 2 2 3 1 2 1 3 2 2 2 1 1 3 3 1 3 1 1 3 1 2 1 2 3 3 2 3 1 2 1 2 2 1 2 3 2 2 3 2 1 2 1 1 1
55
2 2 2 3 1 3 1 2 3 1 2 3 3 2 3 1 3 1 2 3 1 2 1 3 2 3 2 2 2 3 2 1 2 3 2 1 3 2 3 1 1 3 3 3 3 3 2 2 3 2 1 3 3 3 1
53
1 2 1 2 1 3 3 3 2 2 1 1 2 1 2 1 3 1 2 2 3 2 3 3 3 2 1 3 3 1 2 1 2 2 2 3 1 1 2 3 1 3 2 2 3 2 1 3 2 2 2 2 1
1
3
45
1 3 3 3 1 3 2 2 1 1 1 1 3 2 2 1 3 2 2 1 2 3 3 2 2 3 1 3 3 2 1 3 1 3 3 3 2 1 1 2 3 3 1 1 1
38
3 3 2 1 2 2 2 2 2 1 2 2 1 1 2 2 3 3 1 1 2 1 3 1 2 2 2 1 2 2 3 2 3 3 1 1 1 3
42
3 2 3 2 1 1 1 3 3 2 1 2 3 1 2 2 1 3 3 1 2 1 3 1 2 3 2 1 3 2 1 3 3 1 1 3 3 3 3 1 2 2
53
1 3 1 2 3 3 1 2 3 3 2 2 1 2 1 2 3 3 3 2 3 1 1 1 1 3 1 1 1 1 1 3 3 2 2 2 3 2 2 3 1 1 2 1 3 1 3 3 2 1 1 3 2
53
2 1 1 1 1 2 1 3 2 1 2 3 3 3 1 3 3 2 3 1 2 1 1 3 2 1 3 2 2 2 2 1 1 1 1 1 1 1 2 1 1 2 2 1 1 3 2 1 3 3 3 2 1
40
1 2 2 3 3 1 2 3 3 3 1 3 1 1 1 3 1 1 1 3 1 2 1 1 3 2 1 1 3 2 2 2 2 1 3 2 3 1 1 1
41
3 3 1 2 3 1 3 1 1 2 1 3 2 2 3 1 1 2 3 2 1 1 3 3 1 3 1 1 3 2 1 2 1 2 2 1 2 3 2 3 1
22
2 3 1 1 3 3 3 1 3 1 3 2 3 3 2 2 3 3 2 2 2 2
18
3 1 3 2 3 3 2 3 3 1 2 1 2 1 3 1 3 3
54
2 1 3 3 1 2 3 2 1 3 1 2 2 1 3 2 2 1 3 2 2 3 2 2 3 2 1 2 1 1 1 3 3 1 3 3 3 1 1 3 3 3 3 3 2 1 2 3 1 1 2 2 2 1
59
1 1 2 2 3 2 1 2 2 3 2 3 3 1 3 1 3 2 3 2 1 2 1 2 1 3 2 2 3 1 1 2 3 1 3 2 3 1 3 2 1 1 2 2 1 2 3 2 2 2 3 3 3 3 2 1 3 1 2
40
3 2 2 1 1 1 2 2 2 2 2 3 3 3 2 2 1 1 3 1 1 1 1 2 3 1 3 1 2 3 1 3 2 2 1 3 3 1 2 1
49
3 2 2 3 3 1 3 3 2 2 1 1 3 1 2 1 3 1 2 3 3 3 3 1 1 1 2 2 3 3 2 2 1 1 1 1 1 2 3 2 1 3 1 1 2 1 3 3 1
10
1 1 3 1 1 2 3 3 2 1
10
1 1 3 2 2 1 3 2 3 1
42
3 3 2 3 3 2 1 2 1 2 2 2 3 1 3 1 3 3 3 3 1 3 2 1 3 3 3 1 3 3 2 3 3 3 2 3 2 2 1 3 3 1
11
3 3 2 1 2 1 2 1 3 2 3
30
3 2 3 1 1 2 2 3 1 1 1 1 1 1 3 3 1 3 3 1 3 3 3 3 1 3 1 1 3 1
18
1 2 1 2 2 2 3 3 1 2 2 1 2 1 1 2 2 1
46
2 2 2 3 3 1 2 3 2 2 3 1 3 2 1 3 1 2 1 2 2 3 1 3 3 3 3 3 1 2 2 2 2 2 2 1 2 1 3 3 1 3 3 3 2 2
29
3 1 3 2 3 3 3 1 1 2 1 2 2 2 2 1 3 3 3 3 3 2 1 3 1 2 3 2 1
18
1 2 2 1 3 1 2 3 3 2 2 1 2 1 1 1 3 1
35
1 3 1 1 1 2 2 2 1 1 3 1 3 2 3 2 3 3 2 1 2 3 2 2 1 3 2 2 2 2 2 1 3 3 2
19
1 2 3 1 3 3 1 1 3 1 1 2 1 2 2 1 1 3 2
18
1 2 2 2 1 2 2 3 1 1 2 1 3 2 3 2 2 2
33
3 2 2 2 3 3 2 2 3 1 2 2 3 3 1 1 1 2 3 2 3 2 1 3 2 2 2 1 2 3 2 2 1
41
2 3 3 2 1 1 2 2 1 1 1 3 2 1 1 2 1 2 2 1 1 1 3 1 3 3 2 2 2 1 1 1 1 1 2 1 1 1 3 1 1
3
2 2 2
16
2 2 2 1 3 1 2 1 1 1 3 2 1 1 3 3
26
1 1 3 1 3 1 3 2 3 3 1 3 3 2 2 1 3 1 3 3 1 1 2 1 2 2
59
1 3 1 2 3 1 3 2 1 1 2 1 1 3 1 1 1 3 2 2 1 2 2 1 2 3 3 2 2 3 3 2 2 3 2 2 2 3 1 2 3 3 1 1 2 3 3 1 2 2 3 2 1 3 2 1 2 2 1
48
1 2 3 1 1 1 3 2 1 2 1 3 2 1 1 3 2 2 2 3 1 1 2 3 3 3 2 1 3 3 2 3 2 2 1 2 3 1 2 2 1 3 1 1 1 2 1 2
19
3 3 1 3 1 3 2 2 1 3 1 1 1 1 3 1 1 2 3
51
1 3 1 1 1 2 2 1 2 1 3 2 2 1 2 2 1 1 3 3 3 3 1 3 2 2 3 2 3 3 1 3 2 2 1 1 3 3 3 3 3 1 2 1 1 1 2 1 2 2 3
60
3 3 1 3 2 2 3 1 2 1 1 1 3 2 1 2 1 2 1 1 1 3 1 1 1 3 3 2 1 2 3 1 1 3 3 3 1 1 3 2 2 1 2 3 1 3 3 3 1 3 2 3 3 1 2 1 3 2 1 3
49
3 1 1 2 1 1 3 3 1 3 1 2 1 1 2 1 2 2 3 3 3 2 1 2 1 1 3 3 3 1 3 3 2 1 1 3 2 1 2 2 2 2 3 1 1 2 2 2 3
18
3 3 2 2 3 3 3 3 1 3 2 1 2 3 2 2 1 3
43
2 2 2 2 2 3 2 2 2 1 1 3 2 1 3 3 2 3 1 3 2 2 2 2 2 1 3 2 2 2 2 2 1 2 1 1 3 3 2 3 1 1 2
16
1 3 1 1 1 3 1 1 3 1 3 2 3 3 2 1
13
1 2 2 3 3 2 1 3 1 1 2 3 1
26
1 3 2 3 2 2 3 3 2 3 1 2 2 3 2 2 2 2 3 2 2 2 3 3 1 2
2
2 1
5
3 2 2 3 2
3
1 3 1
58
1 1 3 3 3 2 3 2 3 3 2 1 1 2 1 2 3 3 1 2 1 3 3 1 1 3 1 1 1 2 1 2 3 3 2 3 1 1 1 2 2 3 1 1 2 2 1 1 3 3 2 2 1 3 3 3 2 2
7
3 2 1 3 2 1 1
43
1 1 3 2 2 2 2 1 3 1 3 1 3 1 1 2 1 1 3 1 3 3 1 2 2 2 2 2 3 3 2 2 2 3 3 1 2 2 3 1 3 3 2
6
2 3 3 2 1 2
50
1 3 3 3 1 1 2 1 1 2 2 2 1 1 2 1 1 2 1 1 1 2 1 3 3 1 2 1 2 3 2 1 1 2 1 3 1 2 2 1 3 1 2 2 1 1 2 1 2 3
17
1 1 1 1 1 1 3 2 1 1 2 3 3 2 3 3 3
6
2 1 2 1 3 3
37
1 2 2 2 1 1 2 3 1 2 3 3 1 2 1 3 1 3 2 2 1 1 3 1 1 3 2 3 3 1 2 3 1 1 1 1 3
28
3 2 1 1 1 1 2 1 3 3 3 2 3 1 2 3 3 3 2 2 2 3 1 1 1 3 2 3
13
1 2 1 2 1 2 2 1 2 3 3 2 1
20
2 3 2 1 1 3 1 2 2 3 2 1 3 1 2 3 3 2 2 3
51
1 3 1 2 3 1 1 3 1 3 2 3 2 1 3 3 3 3 1 2 3 2 2 3 1 2 3 1 3 1 3 1 2 2 3 3 3 3 1 2 3 2 1 3 3 3 2 2 2 2 3
39
2 3 1 2 1 2 1 2 2 2 3 1 2 2 3 3 3 3 3 3 1 2 1 3 3 1 2 3 3 1 2 1 2 1 2 1 2 2 2
42
2 3 1 2 1 2 1 2 2 1 3 2 3 1 1 1 1 2 2 2 1 1 3 2 3 2 2 1 2 1 3 1 3 3 2 2 2 1 1 1 3 3
4
3 3 1 1
28
3 3 2 3 2 2 3 2 2 1 3 2 2 2 2 3 1 2 3 2 1 2 3 2 2 3 2 2
5
2 2 1 3 2
31
2 1 2 3 1 3 1 2 3 1 3 3 1 2 2 2 2 3 2 2 3 1 2 1 2 2 1 2 3 2 3
31
1 3 3 2 3 1 2 3 3 2 1 2 2 2 1 2 3 3 1 1 2 2 1 1 1 2 3 1 1 3 2
37
3 3 1 3 2 1 1 2 3 3 2 2 3 2 2 2 2 1 3 2 1 2 2 1 3 3 3 1 1 3 1 1 1 1 2 2 1
30
1 1 1 2 2 1 2 1 1 1 1 3 1 1 3 1 2 1 2 3 1 3 1 3 1 2 1 3 1 3
42
2 2 1 1 2 3 2 2 3 2 2 1 1 1 1 1 3 2 2 2 1 1 3 2 2 2 2 3 1 2 3 1 1 3 1 3 3 1 1 3 2 1
54
1 2 1 1 2 1 2 3 1 3 2 3 1 2 2 2 3 3 1 1 1 1 1 1 3 1 3 1 3 2 2 3 1 2 3 3 3 1 2 2 2 1 2 2 1 3 1 2 2 3 3 1 2 3
51
1 3 3 3 1 2 3 3 1 1 1 1 3 2 3 2 2 1 1 2 1 3 1 2 1 3 2 3 2 1 3 3 3 3 1 1 3 1 2 2 2 1 2 1 3 1 1 1 3 3 3
10
1 1 2 1 3 3 2 2 3 2
52
1 1 1 1 3 3 2 2 3 2 3 3 3 2 1 1 2 2 3 2 2 3 2 1 1 1 2 3 3 2 3 2 2 3 2 2 2 3 2 1 1 2 2 3 2 1 3 1 3 2 1 2
1
3
5
3 2 1 1 1
16
3 2 3 2 1 1 2 2 1 2 2 3 3 3 1 3
8
1 2 1 2 1 3 3 2
40
1 2 3 2 1 1 3 3 3 1 2 3 3 3 3 1 2 1 1 3 2 1 3 2 2 1 2 1 2 3 2 3 1 3 2 3 2 1 3 1
28
3 1 1 2 2 3 2 1 3 2 1 2 3 3 2 2 1 3 1 1 1 3 1 1 1 3 3 2
9
3 1 1 1 3 2 2 1 3
38
2 1 2 2 1 1 2 1 2 3 1 3 2 2 2 3 2 1 2 2 2 3 2 1 2 2 1 2 3 3 1 3 1 1 2 1 1 1
51
3 2 3 1 1 1 2 3 2 3 1 1 2 1 3 2 1 3 3 3 1 3 1 2 2 2 3 2 2 1 1 1 3 3 1 2 1 2 3 2 3 2 3 1 3 1 1 1 1 2 1
50
3 3 1 3 3 1 1 1 3 1 1 2 2 2 1 1 1 3 2 3 2 1 1 2 2 3 2 2 1 3 1 3 1 2 3 3 2 1 1 3 2 3 1 2 2 1 1 2 1 1
14
2 3 3 2 1 2 2 3 2 3 2 2 2 1
36
1 3 2 1 2 2 2 3 3 1 1 1 2 2 2 1 1 2 3 3 2 1 1 3 1 1 1 3 3 2 2 1 1 3 3 3
27
3 3 1 1 2 3 2 1 1 1 1 1 1 3 2 3 1 3 2 1 2 3 1 2 1 1 3
4
2 2 2 3
