dataset2.txt
100
103
2 5 3 6 3 1 3 5 1 1 1 1 6 4 5 5 1 2 6 6 5 2 3 4 6 4 3 5 5 6 6 2 3 6 3 4 2 5 1 2 6 6 6 6 3 1 6 2 4 2 3 2 2 2 5 5 6 5 3 4 4 2 3 4 1 3 1 2 3 6 2 6 1 4 3 3 3 1 4 6 6 6 1 4 1 5 6 5 6 2 5 4 6 1 5 3 5 6 5 1 3 3 5
113
3 1 4 1 2 3 1 1 4 5 6 1 5 4 1 1 3 6 6 5 6 1 1 5 1 5 5 2 3 1 5 6 2 1 6 2 6 5 6 4 1 5 6 1 1 3 2 1 4 3 5 5 6 2 5 2 6 5 2 1 4 6 4 1 5 3 3 2 3 6 6 4 1 6 6 3 5 3 1 5 5 2 2 1 4 3 1 4 3 2 3 4 1 5 5 3 2 5 6 3 2 5 4 3 3 1 4 2 5 4 2 3 6
44
5 2 6 6 4 1 2 1 6 2 2 1 4 4 2 6 6 1 2 2 4 6 6 4 1 4 2 3 1 1 5 4 4 4 3 3 6 6 2 1 3 2 5 1
119
4 6 3 1 6 4 5 3 6 5 6 6 5 3 5 4 6 3 4 5 4 6 5 4 2 6 6 5 6 1 1 2 1 1 2 2 6 2 2 6 4 2 3 5 3 2 4 5 5 1 6 5 2 5 4 4 1 1 5 5 5 1 6 2 5 5 6 1 5 5 2 2 3 1 6 4 6 6 6 4 4 4 4 1 4 5 4 2 3 2 6 6 4 1 3 6 2 2 5 5 6 2 2 4 5 4 2 5 6 5 5 1 1 4 1 4 6 6 2
20
6 1 5 2 3 3 4 4 2 6 2 1 2 3 5 5 6 3 5 2
82
2 6 6 5 6 5 2 1 2 2 6 6 4 4 5 2 3 6 2 4 2 3 1 2 5 1 5 6 1 3 6 4 3 4 4 2 4 4 3 2 6 5 2 5 2 6 1 4 3 3 2 4 1 4 1 3 4 2 3 5 2 1 1 4 6 6 3 5 2 1 5 3 6 3 5 5 6 2 4 1 4 1
19
6 5 4 3 3 6 2 2 6 2 2 1 1 3 2 2 3 5 6
39
2 6 1 2 3 2 4 1 1 4 4 2 1 5 3 5 2 2 5 3 4 1 1 5 6 2 5 3 4 1 3 3 1 1 4 4 1 6 4
52
4 6 6 3 5 5 3 4 4 3 6 3 1 3 2 6 6 2 1 4 6 2 2 6 6 1 6 6 6 3 5 4 5 4 3 2 4 3 2 4 4 1 1 6 1 2 5 6 2 1 2 6
76
6 6 2 4 3 5 4 5 3 4 3 6 1 6 5 6 4 5 6 1 6 5 2 2 6 6 2 1 1 3 1 6 1 2 5 2 4 6 1 1 1 5 1 1 1 5 3 6 5 1 1 3 5 6 1 3 4 1 4 3 5 6 3 4 5 4 1 1 5 2 1 4 1 2 2 5
78
5 5 1 5 3 3 3 4 3 4 3 5 4 3 6 4 5 3 1 3 5 6 2 2 1 2 2 3 2 6 6 5 6 5 1 3 3 2 6 1 2 2 6 2 3 3 2 3 1 2 3 6 4 1 4 3 6 6 5 6 2 2 6 1 1 4 4 5 5 4 5 6 5 6 1 4 2 1
46
3 3 5 5 6 4 1 6 4 3 2 6 2 3 1 5 2 2 4 3 3 1 1 3 1 6 2 6 3 3 6 6 2 4 3 3 1 1 5 6 5 6 5 4 2 6
81
4 4 1 2 1 1 2 5 6 6 6 5 3 6 5 3 4 3 1 3 2 2 6 4 4 5 2 2 6 2 4 4 5 4 1 1 4 6 2 4 1 3 4 1 3 2 2 5 4 3 5 3 4 5 1 6 4 4 2 5 3 6 5 6 2 2 5 1 4 6 6 6 3 3 2 2 3 3 6 4 3
83
1 2 5 5 5 4 3 1 4 1 5 5 5 6 4 2 3 1 4 1 3 6 4 4 4 2 3 1 5 5 6 2 1 3 4 3 2 4 2 1 6 2 4 3 2 6 3 4 5 3 1 6 4 4 5 4 1 6 5 1 1 1 2 6 1 5 6 3 1 2 1 5 2 5 5 1 2 1 6 1 1 5 3
56
6 1 2 4 3 3 1 5 5 4 2 6 5 1 5 5 3 2 2 3 4 1 2 3 4 3 3 4 1 4 2 1 1 2 2 4 3 5 6 1 5 3 1 6 3 4 2 6 3 1 4 2 2 2 1 2
46
5 6 2 6 4 5 2 5 1 6 5 2 5 2 1 4 3 5 2 6 4 6 3 6 2 1 4 5 5 6 4 6 6 4 1 1 5 2 6 5 5 2 3 4 4 2
99
5 2 6 2 4 3 5 4 2 5 3 6 4 6 6 4 6 1 5 3 2 6 5 6 3 1 4 5 3 6 3 3 2 6 3 3 3 1 1 4 3 3 3 2 2 4 5 2 6 2 6 1 3 5 5 1 3 4 1 6 1 3 2 4 4 5 6 3 1 1 4 3 5 4 6 1 3 5 1 4 5 4 5 3 4 5 5 3 2 2 3 6 6 3 2 2 5 6 6
119
6 1 5 3 4 1 4 1 3 2 5 2 6 5 3 6 2 2 5 1 3 5 4 3 3 1 5 4 4 5 2 2 4 5 5 4 6 4 1 2 4 6 1 1 3 6 2 5 4 1 6 2 5 4 6 1 2 2 6 1 5 2 5 6 2 4 6 5 1 3 3 3 3 5 4 2 4 6 4 5 3 3 2 2 4 4 3 6 6 3 5 4 5 3 2 2 5 6 2 5 5 1 5 3 5 3 1 4 4 2 4 5 4 1 3 3 5 4 4
92
6 6 4 5 5 3 5 3 6 3 5 1 4 4 2 4 5 6 4 4 5 4 4 5 1 2 3 6 1 5 3 1 2 2 4 6 6 4 1 6 5 3 1 4 1 4 3 5 5 6 6 3 2 3 5 6 1 2 5 6 4 1 6 6 2 6 3 4 4 1 2 5 4 4 3 5 1 4 4 2 4 5 4 2 5 2 5 6 4 5 4 4
39
6 2 6 2 2 3 2 5 5 5 6 3 3 1 1 3 4 4 5 1 3 4 1 4 3 3 1 1 5 5 6 4 1 2 3 2 1 3 5
4
6 4 5 6
24
1 3 5 3 6 2 1 1 4 6 2 5 2 4 5 6 4 1 1 3 2 6 3 2
16
4 1 1 1 1 4 6 5 3 6 1 4 4 6 6 1
42
3 5 1 2 4 2 3 6 1 5 5 4 5 1 5 4 1 1 2 6 4 4 4 3 2 3 6 5 3 3 1 5 2 5 1 1 1 6 4 4 2 3
6
1 1 1 4 1 6
59
6 1 1 5 4 2 3 2 3 2 1 2 1 6 5 6 5 5 4 6 6 4 3 4 4 4 2 1 2 1 1 6 2 2 3 3 3 2 6 1 6 6 3 4 5 1 4 2 5 6 3 1 1 1 4 3 3 6 3
115
6 2 4 5 6 2 1 5 6 6 2 1 1 6 5 4 2 3 1 5 1 2 1 4 1 2 5 5 4 4 5 5 4 6 5 6 5 6 5 6 3 4 1 4 4 6 4 1 6 3 6 6 2 6 5 6 3 5 5 3 1 5 1 6 1 4 3 2 6 4 3 3 2 2 2 5 1 1 6 5 2 5 5 4 2 2 3 6 6 2 2 2 3 5 6 5 1 2 2 4 5 4 2 1 4 5 3 4 2 6 1 1 2 1 5
79
6 6 5 1 5 4 5 6 3 2 2 2 3 1 2 4 2 3 1 1 2 2 5 6 6 4 4 6 6 4 2 2 3 2 3 4 3 5 1 6 3 3 1 4 3 6 6 5 4 2 2 2 3 4 3 4 6 6 5 1 6 1 5 1 2 6 2 6 1 5 4 6 5 1 2 4 4 3 3
77
4 5 6 4 4 4 3 1 2 5 4 1 2 3 3 1 5 2 4 5 6 6 1 4 3 3 2 5 2 4 1 2 2 6 2 6 4 6 2 6 4 6 1 2 3 2 6 2 6 1 3 3 2 5 6 2 5 6 5 3 3 3 3 5 2 3 5 4 5 3 5 2 6 4 3 1 6
42
1 1 6 2 1 4 3 5 5 4 1 6 5 5 1 6 5 4 5 5 3 3 3 2 4 3 4 5 1 2 6 4 4 3 3 3 5 3 3 3 6 4
11
6 5 4 1 3 1 5 2 3 6 2
93
3 5 6 2 4 1 3 2 4 6 5 4 4 2 4 6 5 6 2 5 4 4 1 4 4 4 4 4 6 2 4 3 3 5 5 2 6 5 5 4 2 2 5 5 4 6 5 5 2 5 4 5 5 3 5 5 4 5 1 6 4 4 1 2 3 5 4 3 2 4 1 5 3 4 3 6 3 3 2 3 2 1 4 4 1 5 2 1 1 4 6 4 4
14
3 1 1 3 4 5 6 1 2 4 1 4 2 4
19
1 1 1 6 1 5 5 3 2 5 1 5 6 5 4 4 5 2 5
40
6 6 2 3 4 6 1 1 4 3 2 2 2 5 1 5 3 5 1 1 3 3 2 3 3 2 5 2 5 1 1 6 3 3 2 3 5 2 1 2
62
6 2 6 5 2 1 5 4 5 1 5 3 3 6 1 4 3 2 3 1 1 5 4 6 2 2 5 6 5 6 6 1 5 4 6 3 6 6 3 3 2 6 3 3 6 4 4 2 4 3 5 6 5 2 1 5 2 5 4 1 6 6
93
4 5 6 1 4 5 5 3 1 2 2 3 2 2 5 3 6 6 5 4 1 1 1 4 3 3 4 5 6 1 2 1 5 5 5 5 5 6 4 2 6 3 2 3 2 4 6 2 3 4 5 6 4 4 4 4 3 2 1 3 4 1 6 5 6 5 6 2 2 5 1 5 1 3 3 4 1 6 1 5 2 5 2 5 5 5 5 6 5 1 5 3 1
10
3 3 5 3 3 6 3 2 5 4
63
6 4 2 1 5 3 5 1 1 6 1 4 5 4 6 1 2 6 3 1 5 2 3 5 4 2 6 4 5 1 2 6 5 1 2 1 2 3 3 5 4 3 6 1 3 3 2 6 1 4 2 6 3 6 1 5 2 1 3 2 1 4 5
9
2 6 2 5 4 6 4 6 1
111
1 3 2 1 6 5 2 5 5 4 4 2 6 2 5 6 3 6 4 5 5 2 1 4 5 2 1 4 5 4 1 5 1 6 1 4 2 3 6 2 5 5 6 2 4 1 2 5 2 2 2 6 5 5 3 3 5 2 1 1 5 5 1 3 4 5 1 6 5 5 5 6 5 6 1 5 3 6 6 3 2 5 3 6 3 5 5 3 4 1 4 4 2 4 1 1 5 2 5 3 4 2 2 3 6 3 1 1 6 4 5
67
5 1 2 1 6 1 5 5 2 6 5 5 4 1 1 4 2 4 6 4 5 6 1 1 2 2 3 5 6 4 6 5 4 6 1 4 4 1 5 4 2 5 2 5 2 1 3 4 4 3 6 1 6 4 1 6 1 2 1 4 3 4 6 5 3 3 5
43
5 6 1 4 4 1 2 1 5 4 4 4 6 5 6 1 3 1 2 1 5 5 5 1 3 2 2 1 6 6 1 5 3 4 3 2 2 1 2 1 2 1 5
35
5 4 3 3 4 6 1 2 4 3 1 3 4 1 3 5 4 2 1 3 4 3 4 6 4 6 4 2 3 6 6 2 6 2 3
3
4 2 1
79
2 2 4 1 5 1 5 6 6 2 1 4 3 6 6 4 3 2 1 6 1 3 3 6 6 1 4 2 1 1 4 5 1 3 4 4 1 1 2 1 1 1 2 2 3 6 3 4 4 2 2 4 2 5 6 2 5 5 6 4 4 2 4 5 1 2 4 4 6 2 1 4 3 5 3 3 5 1 3
64
5 5 1 6 5 6 3 5 6 5 1 6 3 5 6 6 3 2 4 4 4 6 5 4 1 5 4 3 6 2 5 3 5 5 6 5 1 6 4 3 1 4 1 1 6 4 6 4 3 1 1 5 1 5 1 3 3 4 2 1 3 5 3 5
19
4 3 5 1 2 4 2 6 4 1 6 4 2 5 4 1 5 5 4
2
2 2
37
4 6 4 3 6 2 6 6 5 4 3 5 1 6 6 4 5 6 2 6 1 2 4 5 6 3 2 5 1 3 6 4 5 5 1 4 4
103
3 5 4 5 2 3 3 4 5 6 3 3 2 3 3 4 4 4 4 4 4 1 2 1 4 1 6 1 3 2 4 6 2 3 3 2 4 2 1 3 6 1 1 2 2 5 4 2 1 5 3 1 4 4 3 5 3 1 3 5 6 5 5 4 2 2 3 6 2 5 2 4 2 4 2 4 3 1 5 5 5 5 4 5 3 3 5 6 6 5 6 6 3 3 2 3 6 5 6 5 6 3 6
2
5 1
79
1 5 6 1 5 3 1 3 5 5 1 2 1 2 6 2 6 3 4 4 2 1 5 4 4 6 3 3 2 2 2 4 6 6 4 3 5 5 5 1 1 3 3 4 1 6 3 2 4 6 5 2 4 2 1 5 5 2 4 5 6 4 4 1 2 4 5 4 3 5 4 1 4 5 2 1 1 6 2
61
6 6 1 1 3 1 6 4 1 1 4 6 6 4 5 1 5 4 3 2 6 5 3 4 4 6 6 5 3 1 1 6 6 5 2 1 6 1 5 1 5 4 2 6 5 6 1 2 3 1 4 2 5 1 5 2 6 1 3 5 1
114
1 1 6 3 3 5 5 5 4 3 2 5 2 3 4 4 3 6 5 5 6 4 1 1 1 1 5 6 1 4 4 2 1 6 5 5 2 5 2 5 6 5 5 2 3 5 2 5 5 2 4 3 6 2 5 5 3 4 6 6 1 5 4 2 5 1 4 6 6 6 4 5 3 1 6 5 3 6 5 5 3 4 1 3 1 4 3 2 6 6 2 4 1 2 4 1 1 2 1 4 2 1 3 6 6 5 5 5 3 4 6 6 4 5
28
6 1 3 6 1 4 3 1 6 2 4 2 2 4 1 3 6 2 2 3 1 6 4 6 5 2 5 1
42
5 4 6 5 5 5 1 2 2 3 6 2 5 1 2 5 6 1 1 6 2 2 6 6 2 3 1 6 3 2 6 2 6 4 6 6 3 5 2 4 5 2
2
3 1
98
1 2 2 4 5 1 3 3 2 3 2 2 5 3 3 1 1 4 2 4 4 2 3 5 6 4 6 1 1 4 1 5 2 1 3 1 5 3 5 6 1 4 2 1 6 3 6 2 3 1 5 3 2 6 5 6 6 1 4 3 6 5 2 2 3 2 1 6 2 3 4 1 3 3 1 2 2 3 4 4 3 6 5 1 4 1 3 4 2 5 2 3 3 3 1 6 6 6
34
6 5 6 5 4 1 2 6 3 5 6 4 2 2 3 6 4 1 5 6 5 4 5 4 4 4 6 1 6 4 2 3 1 5
105
4 6 3 4 2 4 3 4 6 1 6 6 2 6 1 4 3 3 4 4 5 3 1 4 1 3 5 4 6 6 1 1 4 3 3 6 5 1 5 3 3 2 5 6 2 4 5 2 5 3 4 6 2 3 4 4 1 1 3 2 5 4 6 2 2 6 6 3 6 1 5 4 4 2 6 5 5 6 2 5 4 4 3 3 5 2 2 1 2 4 1 3 2 4 5 1 2 6 1 6 3 4 4 2 6
75
3 5 1 2 6 5 4 3 6 4 1 2 6 3 4 2 1 1 1 6 2 3 6 4 6 2 1 6 3 6 3 5 1 2 5 3 3 1 5 4 3 1 5 6 3 4 1 5 5 2 2 2 4 4 2 4 3 6 1 5 5 6 6 3 1 3 2 1 5 2 6 5 4 5 6
115
6 4 6 3 6 1 5 2 6 3 4 2 3 4 6 1 3 6 3 5 4 4 5 6 3 1 5 6 4 6 2 1 5 3 5 4 5 2 3 4 6 4 2 2 2 2 2 6 3 2 6 2 6 4 1 5 4 5 6 4 4 2 1 6 5 2 3 2 2 4 2 2 3 3 5 5 6 5 4 3 2 5 5 3 6 4 4 3 3 6 6 2 5 2 5 2 4 1 1 6 6 5 5 3 2 2 6 5 4 4 3 5 4 1 2
75
3 2 5 2 1 6 2 1 5 1 2 5 2 6 6 1 5 4 4 3 2 5 2 6 5 2 6 6 4 5 2 6 1 4 3 2 2 2 3 2 4 2 6 3 1 5 4 6 1 6 3 2 1 5 2 3 6 5 5 3 5 6 2 1 6 2 6 2 4 6 5 4 3 1 6
13
4 2 1 1 4 2 6 1 6 5 2 1 2
99
3 5 2 2 1 2 6 3 1 5 6 2 3 1 1 4 1 1 1 6 6 2 5 2 3 3 3 1 4 4 4 3 4 2 1 5 3 5 5 6 2 5 3 2 5 1 3 5 4 6 2 6 5 2 3 2 2 4 4 2 1 3 6 6 6 4 3 3 6 5 3 5 5 1 4 5 6 6 3 1 3 4 3 6 6 5 2 3 6 4 5 1 1 5 2 5 2 5 6
32
3 2 6 6 6 4 4 3 4 3 3 3 2 6 1 6 6 5 4 2 5 6 1 3 6 3 2 1 6 3 4 2
49
1 5 5 5 4 1 4 6 2 1 4 1 2 4 3 2 3 5 1 5 1 6 5 3 3 5 4 1 2 5 1 5 1 4 3 1 3 1 1 1 2 3 3 4 5 5 3 4 6
50
2 3 4 5 4 4 4 6 1 5 6 5 5 6 4 2 2 4 1 4 2 1 2 4 6 6 6 1 2 2 2 4 3 1 5 5 3 3 3 1 1 1 2 1 5 5 1 6 4 1
92
1 2 5 4 6 3 2 2 3 6 1 1 2 6 6 3 1 3 1 2 6 4 6 5 6 3 2 3 6 3 1 4 1 6 1 2 2 2 3 2 4 6 4 5 1 1 5 4 3 4 1 2 6 1 5 1 6 1 3 5 4 3 4 4 2 4 4 2 3 5 2 3 1 4 3 3 1 2 5 5 5 4 3 3 2 6 6 1 6 3 2 1
52
1 3 5 3 6 2 5 1 1 5 5 6 3 4 2 5 1 6 4 1 4 5 1 3 3 2 5 1 4 3 4 4 6 6 6 6 3 3 3 5 3 4 4 1 6 2 5 3 6 1 1 6
72
2 4 2 5 6 5 4 5 4 3 6 6 5 5 1 1 4 6 5 2 5 3 6 5 1 3 1 4 2 3 4 6 3 5 6 6 3 4 1 4 3 2 5 3 6 5 3 5 6 2 1 3 5 1 1 3 5 6 5 6 1 2 4 6 2 4 2 4 3 5 2 5
18
2 1 6 4 1 4 2 2 5 2 4 4 6 2 3 6 6 6
93
5 4 4 5 3 4 5 2 5 3 4 6 5 3 1 4 2 1 1 2 1 5 3 6 5 1 3 2 2 6 3 5 6 1 6 2 4 1 1 3 4 2 6 3 6 5 3 1 2 2 4 2 2 1 6 3 6 3 1 6 1 6 4 2 2 5 4 1 6 1 2 3 1 6 2 6 1 1 5 6 4 2 5 5 3 6 6 1 2 1 6 1 5
119
3 2 1 4 3 6 3 1 1 6 6 6 6 6 6 4 2 5 5 3 2 4 6 3 3 2 3 4 4 4 2 2 3 5 4 5 1 2 2 4 4 4 4 5 2 5 6 5 4 1 4 6 5 3 6 4 6 4 1 2 5 2 5 3 3 4 5 5 3 2 2 4 2 1 4 2 2 5 4 3 6 5 1 1 4 2 2 3 2 6 2 6 6 4 2 5 2 3 6 5 5 3 6 1 1 2 3 4 3 6 4 2 6 6 6 5 4 6 6
6
1 3 4 6 3 3
90
3 4 2 1 5 3 5 6 1 3 6 4 3 5 4 4 5 6 4 1 4 4 6 5 1 6 6 4 5 5 4 3 1 1 5 6 2 4 5 2 1 3 5 3 3 5 2 6 4 1 6 3 1 2 2 4 5 3 1 2 4 4 4 3 2 6 4 5 2 6 3 3 5 4 3 4 3 1 4 3 4 5 6 1 5 1 2 1 6 4
66
4 2 1 3 1 5 3 4 3 5 2 2 1 5 1 1 5 2 1 5 6 5 6 5 6 3 6 3 5 2 4 5 1 5 6 2 1 6 4 1 6 5 3 2 4 3 1 1 5 6 1 6 2 3 1 2 2 1 1 2 1 6 3 1 5 6
112
1 4 4 5 6 3 6 6 1 6 6 4 2 6 4 4 5 1 2 4 6 6 5 5 5 2 4 2 5 5 2 4 3 6 2 5 5 1 5 2 5 2 5 5 3 6 4 5 2 2 3 5 3 2 3 3 1 6 6 4 4 6 3 3 5 1 5 6 2 2 5 5 2 3 4 1 4 4 3 2 4 3 4 6 6 1 5 6 1 3 5 1 2 2 5 3 4 6 6 5 4 2 5 4 3 4 3 3 5 5 2 5
12
2 6 3 2 3 6 1 1 2 5 3 5
11
2 6 5 4 4 6 1 2 2 3 4
112
6 5 2 1 4 1 4 4 3 2 6 6 2 1 5 5 4 4 3 6 4 2 5 1 4 2 2 5 5 5 2 5 2 6 3 3 2 3 4 6 6 5 4 1 3 2 4 2 2 6 1 2 4 4 1 4 3 1 2 3 3 3 1 3 6 6 2 1 3 4 1 2 6 4 6 6 2 6 3 3 3 4 5 6 5 6 1 1 6 2 4 3 2 6 6 6 4 4 3 6 5 6 2 1 5 2 1 1 5 2 3 1
8
2 4 3 5 6 6 2 1
90
2 6 2 2 3 4 4 3 3 3 6 6 2 3 1 2 3 2 6 3 6 4 6 5 3 3 3 2 5 5 4 3 6 3 6 5 2 1 1 2 6 6 3 1 6 2 4 4 4 4 4 2 1 2 2 6 2 5 6 1 2 1 2 4 6 1 1 3 5 4 4 5 5 2 1 4 3 5 3 1 3 5 1 2 2 4 3 4 2 5
25
6 3 1 1 1 1 1 2 2 3 2 3 4 6 4 5 6 1 4 2 5 3 4 5 1
96
1 3 3 2 5 6 6 3 1 1 5 5 4 4 3 1 1 4 1 3 5 4 1 5 4 3 6 2 6 2 6 2 3 3 4 6 3 6 2 6 1 2 1 2 6 2 6 6 1 5 3 5 3 2 5 2 4 3 6 4 5 6 5 5 2 4 2 4 4 4 3 3 5 2 3 2 3 2 1 3 3 1 4 1 1 1 6 5 5 6 4 6 2 4 4 5
116
3 6 4 4 6 5 1 5 6 6 3 1 6 6 5 3 1 4 5 2 4 3 5 2 2 5 3 1 3 3 6 2 2 4 1 3 2 3 1 6 3 5 1 4 6 4 1 1 1 3 3 3 3 1 6 6 2 3 4 4 2 3 5 2 1 5 1 5 6 1 4 1 4 4 1 3 6 6 4 5 2 3 5 3 3 4 2 5 5 3 3 5 3 2 1 5 2 1 6 5 2 2 5 1 1 3 2 5 5 2 2 6 1 5 3 5
50
5 5 1 3 5 5 6 2 3 2 4 6 6 1 1 3 2 2 2 2 5 3 2 5 2 2 5 3 1 5 5 2 2 4 3 4 1 6 1 3 3 5 3 5 6 4 6 4 2 1
118
6 3 5 5 2 1 1 6 1 6 1 3 5 6 2 6 2 4 6 1 4 4 5 1 6 4 4 1 2 5 5 6 2 1 6 6 5 2 4 6 2 2 4 4 5 2 2 3 6 3 2 4 6 3 1 5 5 6 2 4 6 3 4 6 1 5 1 5 2 3 1 5 6 1 6 2 4 3 5 4 2 1 1 4 1 2 3 4 2 4 6 4 1 3 1 2 5 3 4 6 2 2 1 1 5 1 1 4 3 2 1 3 4 5 2 1 1 5
86
2 3 4 3 2 3 5 3 3 1 6 4 6 2 4 4 6 1 4 2 1 5 6 6 4 1 1 6 2 3 6 3 1 4 1 5 3 4 4 1 2 5 1 5 6 6 4 2 2 2 2 5 1 4 1 3 4 3 4 5 2 6 6 3 1 3 6 1 6 1 6 1 3 4 4 1 4 2 5 4 6 2 5 5 3 2
50
4 2 5 4 2 5 6 2 3 4 4 5 2 4 2 6 5 1 2 3 3 6 5 6 1 4 2 3 6 3 5 6 1 2 6 3 6 4 5 4 6 5 6 3 4 2 2 5 5 4
51
6 4 5 1 5 2 5 2 2 2 3 2 1 5 3 5 6 4 3 3 4 2 4 1 3 4 1 5 2 3 6 4 4 1 5 5 6 1 6 2 2 4 3 2 5 1 2 1 3 2 4
118
5 4 3 4 3 1 4 4 1 6 3 1 4 3 4 4 5 6 5 4 4 1 1 6 3 5 4 4 1 4 1 5 6 6 3 5 4 1 4 3 6 1 6 4 1 6 6 3 2 5 6 3 2 3 3 4 3 6 2 6 2 4 1 2 3 6 4 5 2 5 6 1 6 2 6 3 5 5 6 4 1 1 2 4 2 4 5 2 6 5 5 3 5 4 1 3 6 1 5 6 6 3 1 5 4 3 3 1 4 6 5 5 2 4 6 6 1 2
119
4 6 4 3 2 1 3 6 6 3 3 1 5 5 3 1 1 5 1 5 1 6 6 6 2 6 4 4 3 5 1 6 2 3 3 1 5 2 6 2 5 5 1 5 2 2 5 4 5 5 3 3 6 3 1 5 4 5 1 1 1 2 5 2 3 4 5 2 3 4 3 1 3 1 1 3 4 4 5 4 2 1 2 3 5 1 1 2 6 5 2 4 5 3 1 5 2 4 1 1 6 1 3 3 1 3 5 1 5 5 6 3 2 6 4 2 6 1 2
93
5 1 1 4 3 5 6 6 1 1 4 5 6 4 2 4 3 6 5 6 5 1 6 4 2 1 2 2 4 4 1 2 4 3 2 6 4 4 3 5 4 1 1 1 4 2 1 1 3 6 6 5 4 2 4 6 2 4 6 1 3 2 4 6 2 4 1 3 2 3 1 5 1 2 3 3 3 3 1 3 6 6 3 4 2 3 3 5 4 3 6 1 2
53
2 1 2 6 5 4 5 2 6 2 1 3 5 4 6 3 4 2 5 2 2 1 1 4 5 4 1 3 4 1 6 6 5 2 3 2 3 6 1 5 3 6 6 6 2 2 4 1 2 3 3 3 6
59
5 6 6 2 3 6 4 4 4 1 3 1 5 4 4 3 1 6 1 4 6 3 3 3 6 5 2 5 2 4 4 5 4 6 6 2 1 1 1 5 5 1 3 2 3 6 1 6 2 5 1 6 5 1 4 5 6 3 4
2
1 1
117
3 5 2 2 5 3 3 3 5 5 3 1 4 4 2 1 2 6 1 3 4 1 6 1 1 1 1 1 5 4 5 1 6 3 6 2 4 2 3 4 2 4 3 1 2 3 6 3 5 4 2 5 5 2 2 2 2 1 1 2 2 6 5 4 3 1 5 6 5 1 5 4 5 4 5 1 6 2 3 6 6 3 5 4 1 5 4 5 2 6 3 2 6 4 6 6 5 5 5 4 4 5 2 3 2 2 3 2 5 6 1 2 1 1 5 3 4
102
2 6 4 2 3 3 1 1 5 4 4 4 4 2 3 4 5 6 1 6 2 6 4 3 6 4 6 5 6 3 4 3 5 2 5 4 5 3 5 6 1 3 1 4 1 6 6 2 2 1 5 4 1 5 6 1 4 4 1 6 2 5 3 3 4 2 2 1 4 5 5 5 2 4 1 2 6 2 5 5 6 3 2 1 5 5 4 5 5 4 1 1 1 5 1 6 5 1 4 3 3 2
