24 6 6 13 25 21 12 36 44 38 21 46 9 31 6 6 44 26 13 48 9 24 7 15 48 40 6 6 6 13 13 24 7 48 7 15 24 6 44 26 13 13 13 13 25 21 11 26 15 24 7 48 37 48 9 6 19 34 7 15 15 24 7 15 24 7 32 37 7 48 37 13 24 41 8 35 7 32 15 48 9 33 21 3 21 46 9 6 13 24 6 36 33 21 34 7 14 48 9 24 7 8 34
7 32 15 32 37 8 10 24 31 6 13 24 6 30 21 34 7 48 9 6 30 21 5 6 44 6 6 36 25 21 46 9 36 44 19 48 9 6 30 15 24 6 30 21 34 7 48 24 31 6 6 6 13 48 46 37 48 9 36 44 45 9 30 21 34 7 8 10 7 48 9 36 44 47 13 8 46 28 24 6 38 37 26 21 36 25 21 36 28 24 7 15 24 6 6 6 24 6 13 7 48 9 36 25 7 32 15 48 9 15 24 7 48
46 37 48 9 36 44 26 21 11 37 26 21 36 31 26 13 25 21 26 26 15 48 9 36 44 45 26 25 21 5 6 30 15 40 7 35 13 13 26 24 7 48 46 21
31 9 25 21 3 21 34 7 48 9 48 9 6 6 6 13 13 8 31 9 15 48 9 33 37 48 9 6 30 21 5 22 28 44 26 26 13 26 26 13 35 37 8 46 28 24 31 6 6 44 19 9 24 6 36 33 28 24 6 6 6 44 47 24 6 6 30 21 34 46 37 26 25 21 3 15 48 9 9 36 31 26 15 24 31 6 30 24 7 48 9 30 15 24 7 48 37 48 9 36 33 37 26 40 6 30 24 6 19 9 6 38 21 36 44 45 9 33 37
30 21 46 37 8 35 36 31 26 13 26 21 3 6 6 6 13 8 46 37
22 13 48 9 48 9 36 44 26 37 48 9 36 31 6 36 25 13 26 15 24 7 32 37 11 21 34 13 24 7 48 40 7 15 45 26 15 40 7 48 9 36 39 38 37 13 24 41 8 35 26 15 32 15 24 7 15 24 7 22 20 21 5 15 48 9 6 6 20 21 34 7 48 11 6 6 13 26 15 10 30 21
32 9 36 25 7 48 37 26 13 24 22 28 24 7 48 37 8 46 9
22 13 24 10 7 48 45 38 21 36 31 26 21 34 7 46 37 48 9 6 30 21 5 6 13 24 6 7 15 24 7 8 32 21 36 33 21 3 15
29 11 9 6 6 6 6 36 31 6 13 25 21 12 26 13 13 26 21 36 33 37 26 13 13 13 13 13 13 8 46 29 6 36 25 26 40 7 48 45 30 21 10 30 21 3 6 13 26 21 26 13
13 13 24 31 6 6 31 6 6 31 6 30 21 3 6 30 21 46 9 32 48 46 37 26 13 13 26 21 5 25 21 3 21 26 36 26 36 33 21 10 24 6 44 38 21 34 7 48 46 28 24 7 14 13 24 7 15 24 31 6 6 13 8 31 6 30 21 5 6 36 44 45 38 37 48 9
29 11 21 34 7 8 8 31 6 31 6 6 30 7 48 45 46 28 24 7 14 13 26 26 21 26 37 8 42 48 9 6 19 9 24 7 8 10 30 21 26 26 13 24 7 8 10 7 32 37 7 32 15 24 31 6 19 9 6 13 24 10 30 21 5 15 40 6 6 31 6 19 34 13 24 31 26 21
7 8 46 9 9 36 44 48 40 7 48 9 36 25 21 46 37 26 40 7 8 10 24 7 32 48 37 13 8 35 13 13 26 36 25 7 32 21 46 9 6 19 9 31 26 13
29 30 21 3 21 10 24 6 13 13 13 34 7 48 9 6 36 25 21 12 26 26 13 35 45 46 37 26 13 26 36 31 6 30 21 5 15 48 39 15 24 7 15 24 35 37 48 9 31 6 6 6 31 6 38 9 36 31 39 34 7 48 9 33 37 26 36 44 45 47 13 13 8 35 26 26 25 7 48 40 7
32 50 9 6 6 36 25 21 36 44 6 6 6 30 15 24 7 32 15 24 7 48 45 14 45 26 25 21 34 34 13 26 24 7 15 12 26 15 24 10 30 24 31 35 26 13 8 31 6 7 32 9 36 31 6 30 21 3 6 44 38 21 26 13 24 6 13 25 21 3 21 46 48 9 6 44 26 21 3 21 5 6 6
30 21 26 40 7 35 21 46 9 33 37 48 46 21 34 34 7 48 24 7 15 32 37 8 31 6 6 36 44 45 26 21 12 26 26 40 6 6 30 21 34 7 32 13 8 31 26 13 8 32 15 37 26 26 21 26
34 13 48 9 31 6 24 6 44 19 9 24 6 36 44 45 43 14 48 9 36 33 25 13 26 24 31 6 6 30 15 48 9 36 33 21 46 37 48 46 9 24 7 15 45 26
46 37 13 24 31 6 6 30 24 6 6 30 15 48 9 36 33 21 34 7 48 9 6 13 25 21 29 6 6 13 8 35 26 13 8 35 7 32 15 40 7 8 35 26 26 15 38 37 48 37 13 24 7 19 9 24 7 15 10 30 21 12 26 36 31 6 13 8 10 24 31 6 6 36 33 21 12 36 44 45 9 31 6 6 31 6 6 43 37 26 25 13 13 8 42 24 6 13 13
30 21 34 7 15 32 15 24 7 48 46 37 13 34 7 48 37 48 9 24 7 14 13 8 35 21 34 31 45 46 37 26 40 6 6 31 9 36 44 26 36 33 28 24 7 32 50 9 36 44 19 48 9 36 33 21 26 26 13 24 6 24 6 13 26 15 48 9 24 7 8 35 7 14 45 26 36 33 21 34 7 35 26 26 36 31 6 13 13 8 46 29 6 7 48 24 6 13 24 6 6 44 6 6 36 25 21 36 31 26 40 6 30 24 7 8 46 5 15
32 9 31 6 6 6 6 6 13 8 46 21 36 31 26 36 11 9 36 31 6 36 31 6 38 37 8 33 21 34 7 32 37 26 15 48 9 36 44 19 34 7 32 15 24 31 6 6 6 13 13 8 31 6 6 30 21 3 6 19 36 44 47 13 26 13 8 35 15 10 50 9 36 31 6 6 44 45 30 24 31 9 15 48 9 48 46 9 31 6 30 15
32 37 13 26 24 7 48 9 6 6 13 8 8 10 24 7 15 40 6 44 6 30 21 36 25 7 32 21 34 46 9 36 28 24 7 48 24 7 14
24 31 6 13
24 6 6 6 13 26 21 5 15 48 24 6 36 31 6 30 15 38 21 12 26 13 8 42
29 39 38 21 5 15 48 9 6 30 21 36 31 9 33 21
7 46 21 26 15 24 6 30 21 46 9 31 6 44 6 36 44 38 37 48 40 40 40 7 48 7 48 46 28 25 21 46 48 46 28 44 38 9 36 31 26 25
32 38 21 36 44 19
13 24 31 6 30 24 7 48 7 48 44 26 21 3 6 19 9 6 36 11 9 31 6 36 31 45 26 21 3 21 5 13 26 24 7 8 35 26 13 13 13 13 8 31 6 44 45 50 9 33 25 21 10 24 31 6 6 13 8
13 24 31 6 13 26 21 46 48 9 36 44 38 48 9 31 26 25 21 46 21 3 21 36 28 24 6 6 36 31 6 6 36 11 6 19 9 48 46 9 6 30 21 36 31 9 36 39 13 7 48 9 48 9 6 13 8 46 9 25 21 46 21 3 21 36 25 26 13 13 8 35 26 26 26 36 44 38 48 9 24 6 6 31 26 26 25 13 13 26 26 37 8 46 9 6 44 26 26 40 6 31 26 24 31 6 7 15 48 9 24 10 20 21 34
13 48 46 21 34 31 6 13 35 26 26 26 25 21 26 15 24 7 32 21 26 24 6 19 9 31 15 48 9 31 26 26 20 37 8 31 6 6 44 19 8 35 21 36 25 13 48 9 31 26 26 37 8 35 7 15 48 9 6 44 11 21 46 21 26 13 26 13 24 6 36 11 6 44 26 15 40 7 8
31 6 30 15 40 40 7 32 50 9 36 28 24 7 35 21 46 37 31 6 13 13 24 31 6 7 48 9 10 30 21 26 26 13 48 9 36 33 37 9 36 33 28 24 7 48 9 48 9 24 7 8 31 6 13 24 6 19 34 7 35 7 8 46 37 8 46 29 6 6 38 48 9 36 25 21 11
24 22 13 26 24 31 6 6 6 30 21 3 6 6 44 19 9 31 6 6 7 8 35 26 36 8 31 6 38 37 48 40 40 7 8 8 34 7 35 7 48 45
24 6 30 21 12 21 46 37 7 48 37
7 19 9 10 30 21 12 26 15 48 9 36 31 26 15 48 9 33 37 9 36 33 21 36 31 26 36 31 9 24 31 6 6 6 38 37 48 9 36 31 26 24 6 6 36 11 6 38 48 9 31 6 6 6 6 6 31 6 38 9 36 33 28 24 7 14 45 43 10 30 21 34 7 15 12 13 8 35 37 7 48 44 45 30 21 34 22 28 24 31 9 36 31
7 32 21 12 31 6 30 21 26 36 44 45 26 15
24 22 10 30 21 34 34 7 48 9 24 6 19 9 36 31 6 24 6
13 13 24 7 15 48 28 44 45 43 37 26 37 11 21 34 7 46 28 24 7 35 26 25 7 48 9 36 11 21 5 13 8 35 37 8 46 48 44 26
32 37 48 9 36 44 6 36 11 21 34 7 8 33 21 36 25 26 25 21 5 6 36 33 37 48 46 9 6 13 13 24 6 36 33 25 13 13 8 35 26 13 8 35 13 36 31 26 40 7 14 48 9 36 44 38 48 9 36 44 19 9
31 6 13 24 31 6 6 6 44 26 24 7 48 24 6 7 48 9 6 30 21 5 15 40 7 8 31 6 30 21 26 24 6 6 6 6 19 9 31 26 13 35 37 8 42 15 48 37 8 31 6 30 15 40 40 40 7 48 24 6 30 21 3 6 19 9 33 37 48 9 24 6 44 8 35 15 10 30 21 46 48 9 24 6 6 6 6 19 11 21 34 7 32
7 8 34 7 35 13 7 48 9 36
32 15 48 24 6 6 6 44 38 9 24 31 6 36 33 21 26 13 25 21 46 37 8 46 29 50 9 31 6 38 37 48 9 24 22 28 24 7 8 46 29 6 13 24 7 35 26 13 24 31 26 13 8 33 21 34 22 10 7 48 24 31 6
22 13 48 9 31 9 36 33 21
24 7 48 44 19 9 24 6 6 36 31 26 13 24 6 13 7 48 40 6 6 36 44 45 46 48 24 31 6 30 21 46 21 3 21 36 26 25 13 24 6 6 13 26 36 44 26 36 26 26 26 13 34 34 7 8 46 22 28 24 6 6 44 8 31 6 44 19 9 6 6 19 9 33 21 34 35 13 13 7 48 9 25 13 8 46 9 6 30 21 36 31 26 36 44 38 9 24 6 7 15 37 26 25 13 8 32 38 9 31 6
46 21 3 21 3 21 46 29 50 9 6 6 30 21 5 15 24 31 9 31 6 30 21 12 26 37 8 46 9 15 48 9 36 33 21 36 33 21 46 29 50 9 48 9 10 24 7 15 40 6 30 21 3 15 10 30 21 3 21 36 25 15 19 34 7 8 34
34 13 44 45 30 21 26 24 6 36 31 15 48 9 33 21 12 21 26 24 6 6 6 24 7 48 39 38 9 33 21 34 7 15 12 26 26 21 3 21 3 21 34
34 31 6 6 36 33 21 26 36 28 24 7 15 24 7 14 45 26 24 7 35 7 15 48 45 30 15 24 7 48 9 48 9 24 7
31 26 21
22 10 30 21 46 21 34 13 13 26 24 31 6 19 9 36 25 22 10 30 24 7 35 13 13 24 31 26 21 5 15 38 21 12 36 33 21 5 22 28 44 38 37 26 25 13 8 31 45 26 26 15 24 6 13 24 6 19 9 36 31 26 40 6 44 26 36 31 9 10 24 31 6 6 6 6 6 24 7
29 6 44 19 34 13 8 46 9 6 44 19 8 34 13 13 35 26 36 31 15 48 9 36 44 6 36 25 13 24 6 6 6 6 19 9 32 9 36 25 21 36 44 38 9 31 9 36 25 21 5 6 44 6 24 7 8 31 26 24 6 6 6 6
31 6 6 44 26 15 48 9 30 21 3 15 24 6 30 21 46 9 36
24 22
31 9 36 25 13 26 13 48 9 31 6 6 44 19 9 31 6 13 48 9 32 37 31 6 13 7 48 9 24 7 48 40 6 6 44 45 14
7 14 45 46 37 7 8 31 6 13 8 35 37 8 35 15 40 40 40 45 30 21 3 21 3 21 3 21 12 26 36 33 37 8 35 26 15 48 24 7 48 44 38 37 48 9 31 26 21 34 7 32 15 40 7 34 7 32 7 14 48 9 36 31 26 26 25 13 24 6 36 31 26 36 26 36 25 21 46 9 6 6 31 6 7 8 46 48 9 6 13 13 8 35 37 7 48 46 9 6 13 7 48
46 21
24 6 30 21 46 28 24 6 6 6 44 26 21 26 13 26 13 8 31 45 26 21 34 31 26 13 8 35 26 26 26 15 48 9 31 6 6 6 38 21 5 8 35 36 44 19 35 26 15 48 9 24 31 26 21 46 9 24 31 6 19 36 33 21 26 40 6 31 6 6 30 24 31 6 36 44 38 48 37
13 13 24 10 7 32 9 30 21 5 15 48 9 36 11 21 34 35 7 48 9 6 6 30 15 48 9 36 25 21 5 13 13 34 22 10 30 21 46 21 34 35 37 48 9 33 28 24 7 32 15 48 46 21 46 37 13 24 6 6 44
24 22 13 8 35 6 6 6 30 7 48 9 24 7 15 40 7 48 9 6 30 15 24 22 28 24 6 30 21 36 31 26 21 3 6 38 48 9 24 6 13 8 46 37 8 46 48 9 36 26 36 25 13 24 6 6 7 15 48 9 24 6 30 24 6 44 45 9 48 9 31 6 6 44 19 34 7 48 9 6 7 15 24 7 32 15 12 26 13 13 26 36 44 26 36 28 44 26 24 31 26 24 7 48 9 6 6 6 7 15 48 9 31 6
13 24 6 30 21 36 25 21 11 37 31 26 26 15 24 7 48 37 26 25 21 3 15 48 9 24 6 44
34 31 9 6 6 6 44 26 26 25 13 24 6 44 26 36 33 21 5 13 26 26 13 13 24 7 32 13 7 48 9 48 9 36 25 13 8 46 48 45 46 37
7 32
32 37 26 40 6 44 8 35 37 8 42 4 34 7 8 10 24 31 26 36 33 37 8 46 9 36 33 21 10 30 21 34 22 10 25 21 34 7 14 13 24 31 26 21 3 6 13 26 25 21 34 7 48 9 6 13 13 24 31 6 19 9 10 50 7 48 10 30 24 7 15 24 7 8 32 37 26 25 15 40 7 48 9 32 15 24 7 15 48 46 37 8 35 7 32 13 13 13
13 34 48 9 36 44 26 13 8 46 9 31 26 26 25 13 30 21 46 48 9 31 6 36 31 45 30 21 3 31 26 25 21 34
29 50 7 15 48 40 7 15 48 44 19 9 10 30 21 36 25 7 15 40 6 7 32 15 24 7 14 45 9 33 21 5 36 25 7 48 46 21 34 7 8 31 6 13 24 31 6 24 6 7 15 48 37 8 35 15 10 24 7 48 9 36 33 37 26 13 13 25 13 24 6 30 15 48 9 6 6 13 48 9 15 40 7 8 46 37 26 21 26 15 24 7 48 40 6 44 26 13 13 13 8 31 45 26 13
7 14 38 37 48 9 36 11 9 36 44 26 13 8 31 26 21 5 18 13 24 7 32 15 48 37 22 13 25 13 8 46 21 26 36 25 7 32 9 36 25 21 34 13 7 15 24 6 38 37 26 26 36 31 26 36 25 13 24 6 6 13 13 25 21 12 26 21 46 37 48 9 31 6 13
13 13 13 8 33 21 46 37 13 7 15 24 7 15 48 24 7 48 7 9 36 31 6 13 25 21 46 9 36 33 25 21 34 7 14 45 46 37 8 31 9 31 26 26 26 26 26 13 7 48 9 48 9 30 21 34 31 6 19 36 31 26 15 48 9 24 7 48 37 31 26 24 7 8 46 9 48 9 36 28 24 6 6 6 30 15 40 7 35 13 13 48 9 48 9 10 30 21 5 48 9 6 6 7 48 37 48 9 36 31 6 6 30 21 26
7 48 9 36 44 19 48 24 6 44 26 36 26 13 13 24 6 41 40 7 48 46 37 48 46 37 48 9 31 6 36 33 21 36 25 26 26 24 7 48 45 26 13 25 21 46 29 30 21 3 35 26 21 46 37 7 48 9 6 6 6 13 26 21 11 37 13 26 15 48 9 36 25 21 11
31 26 21 5 15 10 30 21 3 6 36 44 26
7 46 37 26 21 26 13 25 21 46 9 36 25 21 10 30 21 5 15 48 9 48 46 37 8 35 7 32 15 40 40 7 15 48 24 6 6 6 6 13 24 6 7 48 9 24 6 6 36 33 37 48 9 24 35 26 26 36 31 26 24 7 48 9 9 36 25 7 48 9 6 6 6 44 45 14 13 13 25 21 12 36 25 13 48 9 24 7 48 40 6 38 21 46 48 9 24 6 13
7 48 9 48 9 36 31 6 36 25 7 35 37 48 44 19 9 6 30 24 6 30 21 12 13 7 48 39 13 8 31 26
24 6 6 6 30 21 36 11 22 10 30 21 26 36 11 37 8 46 21 46 21 3 6 6 6 6 30 21 26 36 44 38 21 36 25 21 12 21 5 15 24 7 8 31 6 6 7 15 48
22 28 31 6 36 31 45 30 21 46 9 6 6 30 15 37 26 36 44 45 26 21 26 15 48 9 33 21 26 26 26 36 25 21 34 34 7 8 35 21 12 21 26 24 6 6 38 9 36 44
32 50 9 15 48 7 48 24 7 48 44 38 37 13 13 8 10 7 32 50 9 31 9 6 13 35 26 25 13 8 10 30 21 3 21 26 26 24 7 48 45 9 31 6 38 21 34 31 6 30 21 10 30 21 46 21 3 21 12 36 31 6 36 31 26 36 33 37 8 46 37 7 32 35 7 8 10 24 6 6 6 36 25 7 48 9 33 21 3 35 26 21
24 7 34 7 48 37 22 28 24 6 6 13 7 15 24 6 38 9 36 44 45 9 24 7 8 42 46 21 36 25 45 14 13 13 13 13 8 8 8 34 7 15 40 18 13 24 6 6 30 21 5 13
22 15 24 6 19 9 31 6 36 25 13 13 8 46 21 5 15 48 9 24 6 7 48 9 24 7 32 15 24 7 14 13 8 34 13 13 7 15 24 31 6 24 6 6 19 34 7 19 9 36 44 8 46 28 24 7 19 9 6 30 21 26 36 33 37 31 26 40 7 14 48 9
22 10 30 15 24 31 26 26 36 26 36 31 9 24 7 48 9 33
34 31 45 46 28 31 6 24 6 7 15 48 9 25 21 36 39 38 21 3 21 34 7 48 9 24 7 48 37 13 8 46 9 32 9 10 30 21 5 8 31 26 13 7 48 9 25 21 26 26 15 37 26 21 3 6 13 25 21 3 21 3 31 26 24 6 30 21 3 21 26 25 21 11 37 48 28 24 6 30 15 24 6 6 7 48 9 24 22 10 30 21 34
7 48 24 31 6 13 25 21 5 13 13 13 13 48 9 15 24 6 6 43 37 26 13 8 35 37 8 35 36 31 26 37 8 46 29 6 44 26 26 15 40 40 40 6 24 6 19 9 36 44 45 27 34 7 48 45 9 36 44 26 36 39 34 7 8 31 6 6 43 37 26 15 48 24 31 26 26 36 31 6 19 9 10 24 31 26 37 8 42 48 37 48 9 15 48 9 24 7 48 9 6 6 30 21 10 50 7 35 7 48 45 26 13 13 48 9 15 48 9
24 7 14 13 8 35
7 15 48 24 6 6 6 13 24 7 48 40 6 6 36 31 6 13 30 21 36 31 9 6 44 19 9 31 6 6 36 25 21 5 6 13 24 31 6 36 44 8 34 7 8 46 48 9 36 44 19 8 32 37 26 40 6 6 44 26 15 40 40 7 48 9 36 11 37 13 8 8 46 29 6 36 25 21 36 8 31 6 30 21 46 21 3 21 3 15
31 26 21 12 21 34 7 15 8 46 37 26 21 46 28 24 6 20 21 46 9 6 19 34 13 25 13 8 46 37 31 6 44 38 9 36 44 19 36 44 19 34 7 48 40 7 32 21 46 9 10 30 24 7 32 37 26 21 5 22 5 13 25 21 34 13
32 15 40 6 13 7 48 9 32 48 9 15 48 9 36 31 6 44 26 15 48 9 6 6 36 26 15 24 6 6 36 31 6 13 24 6 38 21 46 48 9 24 6 6 7 48 45 46 48 37 8 46 28 24 7 8 32 48 9 31 15 48 7 8 46 21 46 48 37 48 46 9 24 7 15 32 15 40 7 48 40 7 15 48 9 24 6 13 24 6 6 44 26 26 36 25 15 48 9 6 30 24 6 36 8 35 7 8 46 9 24 6
22 13 8 10 7 48 24 10 24 6 6 6
22 13 34 31 45 30 21 26 24 7 15
13 34 22 10 30 21 36 31 35 26 13 13 26 21 46 9 36 31 6 30 15 24 6 44 45 26 24 6 6 38 48 46 37 13 8 35 37 7 15 48 9 6 30 21 12 26 15 24 10 30 21 26 36 33 21 36 25 21 26 25 7 8 10 7 48 9 10 24 7 15 10 50 9 31 9 33 37 13 8 8 8 31 6 19 9 33 21 5 13 26 40 7 48 9 48 9 36 31 6 19 34 13 26 21 34 22 28 24 6 36 25 21
24 31 6 6 13 13 26 21
22 13 26 24 7 15 40 7 8 35 13 13 24 7 32 37 7 48 9 6 30 15 19 34 7 35 7 48 9 6 36 25 13 7 48 9 36 44 38 37 13 13 25 21 11 26 36 31 26 36 31 26 21 26 26 13 24 6 30 21 3 21 26 36 33 28 24 6 6 36 31 6 6 36 44 45 43 46 28 24 6 6 44 26 26 40 7 15 24 6
13 25 21 5 22 28 44 26 24 7 48 7 15 48 40 6 13 24 31 26 36 25 45 46 21
24 7 8 31 6 13 13 8 32 21 46 9 36 33 25 21 5 15 24 6 6 30 21 34 31 6 13 26 13 26 13 24 7 8 35 13 7 48 10 30 21 3 21 26 13 48 9 33 21 34 7 34 7 48 9 48 40 7 48 45 46 9 6 6 36 31 26 15 40 40 7 8 46 37 8 10 7 48 24 7 8 10 30 21 5 15 48 9 6 30 15 17 26 36 31 6
7 48 45 14 48 9 24 6 13 13 8 32 48 9 6 6 44 45 46 37 13 8 46 37 48 46 28 24 7 8 32 37 26 15 24 7 48 7 32 13 8 46 28 31 9 30 21 10 24 7 8 35 7 32 48 9 24 7 15 15 24 7 14 48 24 6 44 6 30 21 36 44 45 30 24 7 48 9 31 6 24 7 8 35 7 15 24 6 6 7 8 34 7 20 21 34 22 10 30 46 37 48 46 28 24 7 48 9 36 26 26 13 24 6 6 6
29 6 44 6 6 6 13 24 7 48 45 9 33 28 24 7 48 37 26 24 6 7 48 46 37 26 36 25 21 34 46 37 26 40 7 15 10 30 24 7 8 34 7 19 9 31 9 31 26 21
13 8 46 9 36 44 38 30 21 3 21 12 36 33 37 13 26 36 33 21 36 31 6 38 9 36 33 28 24 6 19 9 36 44 19 9 36 26 36 33 37 26 15 45 46 37 26 25 13 35 26 36 33 25 21 46 9 33 37 31 9 6 36 33 21 46 21 34 22 28 24 6 30 21 11 37 31 6 6 31 26 21 5 15 10 50 7 15 24 31 9 15 24 7 32 50 9 25 15 48 37 22 28 24 6 38 21 36 25 26 24 7 15 34 22 28 24 6
24 7 43 35 37 8 34 7 8 32 9 36 33 37 31 15 48 24 31 26 21 46 48 9 36 44 38 9 36 25 13 8 10 30 21 34 7 15 45 38 37 11 21 46 48 9 31 26 26 37 48 9 10 30 21 12 36 25 45 46 37 13 13 25 21 12 33 21 3 21 3 21 12 36 29 5 15 48 9 31 9 24 6 6 7 48
29 50 9 15 24 6 13 24 7 15 45 46 37 15 48 9 6 44 26 25 7 48 9 33 28 31 26 25 13 8 46 9 32 37 13 7 48 40 6 36 11 6 13 8 31 26 24 6 6 36
13 36 11 21 46 48 46 37 26 37 8 20 21 34 7 14 48 40 7 8 31 26 15 24 7 15 24 6 24 7 48 45 30 21 46 9 33 21 11 37 26 40 7 48 46 21 3 21 12 26 15
34 31 6 36 25 21 36 33 21 11 28 24 31 6 36 31 6 19 9 36 33 21 5 13 8 46 29 30 21 3 21 46 48 9 6 6 30 21 36 25 13 24 9 36 44 47 13 7 48 9 33 28 24 7 8 35 7 48 37 13 26 36 28 24 7 48 45 46 48 9 33 21 11 37 13 8 46 9 9 36 44 38 37 31 26 15 38 37 48 9 6 6 6 30 21 12 13 24 6 13 13 25 21 34 35 7 8 32 15 48 9 6 36 31 9 33 21 26
31 9 36 25 26 21 12 13 13 8 35 21 34 34 7 32 21 46 21 46 5 13 13 13 48 9 36 31 6 6 44 47 37 8 35 21 46 37 13 24 6 6 44 38 37 48 9 31 6 6 6 6 13 25 21 34 31 6 44 38 32 50 9 24 7 15 38 37 8 35 7 32 7 32 21 12 36 31 6 30 22 28 24 6 6 44 38 37 48 9 24 31 9 25 21 46 37 36 44 38 9 24 7 8 31 6 6 44 6 6 13 7 48 9 15 10 30 21 26
46 28 24 31 6 6 19 9 10 24 31 6 30 15 48 40 7 48 46 9 6 38 9 31 26 21 26 26 36 33 21 26 40 7 48 9 36 31 6 6 30 21 10 24 31 26 21 34 7 48 9 36 31 26 15 17 26 36 33 21 12 26 15 48 10 30 21 12 26 25 21 46 28 24 7 8 8 35 21 12 13 13 7 15 24 7 8 46 29 6 30 21 26
22 10 50 9 6 36 11 37 13 26 24 7 14 13 13 7 15 48 9 24 22 28 24 31 6 30 21 12 36 44 19 48 9 24 7 48 7 32 21 34 7 48 9 33 37 26 15 32 37 8 35 7 48
34 13 13 24 7 48 45 30 15 24 7 32 9 36 33 25 21 3 21 26 13 8 35 7 48 9 36 11 26 36 31 9 15 48 9 36 44 38 21 46 9 24 7 48 7 48 10 30 24 6 44 19 9 24 31 6 13 7 15
32 21
7 46 37 26 36 25 7 8 46 9 25 21 36 31 26 21 26 13 24 7 15 10 30 21 28 44 38 21 34 31 6 38 9 25 13 26 15 37 8 31 26 36 25 21 26 25 13 8 46 29 39 6 38 37 26 26 36 44 38 37 48 9 6 36 25 21 46 48 46 21 34 31 6 31 6 44 47 24 7 48 9 6 6 30 21 46 29 11 37 13 7 48 9 15 48 9 6 6 6 36 31 6 24 7 48 24 7 48 9 33 21 26 23 21 34 7 15
10 30 15 24 7 8 10 24 6 36 31 45 43 37 8 31 6 30 21 11 37 48 40 7 48 45 9 6 13 8 35 7 14 48 9 31 6 6 6 13 24 7 32 15 38 9 33 37 26 24 6 30 21 34 13 24 31 15 10 30 24 6 7 8 31 26 26 24 31 6 6 6 36 33 21 26 13 24 6 6 13 8 20 21 46 9 31 6 6 30 21 10 24 6 44 19 9 24 41 8 35 26
